"","File","time_ms","env","F0","TP","Word","Gestural_Prom","Prosodic_Prom","Syll_num","Syll","Participant","Language","Item_type","Item_num","Focus","Gender","Age","Native_language"
"1","C34_T_28_F",15,0,0,NA,NA,"",NA,NA,NA,34,"Catalan","target",28,"filler","male",18,"Catalan, Spanish"
"2","C34_T_28_F",25,0,0,NA,NA,"",NA,NA,NA,34,"Catalan","target",28,"filler","male",18,"Catalan, Spanish"
"3","C34_T_28_F",35,0,147.357086181641,NA,NA,"",NA,NA,NA,34,"Catalan","target",28,"filler","male",18,"Catalan, Spanish"
"4","C34_T_28_F",45,0,148.990020751953,NA,NA,"",NA,NA,NA,34,"Catalan","target",28,"filler","male",18,"Catalan, Spanish"
"5","C34_T_28_F",55,0,137.53581237793,NA,NA,"",NA,NA,NA,34,"Catalan","target",28,"filler","male",18,"Catalan, Spanish"
"6","C34_T_28_F",65,0,0,NA,NA,"",NA,NA,NA,34,"Catalan","target",28,"filler","male",18,"Catalan, Spanish"
"7","C34_T_28_F",75,0,0,NA,NA,"",NA,NA,NA,34,"Catalan","target",28,"filler","male",18,"Catalan, Spanish"
"8","C34_T_28_F",85,0,0,NA,NA,"",NA,NA,NA,34,"Catalan","target",28,"filler","male",18,"Catalan, Spanish"
"9","C34_T_28_F",95,0.0233002523156641,0,NA,NA,"",NA,NA,NA,34,"Catalan","target",28,"filler","male",18,"Catalan, Spanish"
"10","C34_T_28_F",105,0.0421100671507976,0,NA,NA,"",NA,NA,NA,34,"Catalan","target",28,"filler","male",18,"Catalan, Spanish"
"11","C34_T_28_F",115,0.0341588781971512,0,NA,NA,"",NA,NA,NA,34,"Catalan","target",28,"filler","male",18,"Catalan, Spanish"
"12","C34_T_28_F",125,0.0282799978382239,0,NA,NA,"",NA,NA,NA,34,"Catalan","target",28,"filler","male",18,"Catalan, Spanish"
"13","C34_T_28_F",135,0.0243892185298485,0,NA,NA,"",NA,NA,NA,34,"Catalan","target",28,"filler","male",18,"Catalan, Spanish"
"14","C34_T_28_F",145,0.0221790465743313,0,NA,NA,"",NA,NA,NA,34,"Catalan","target",28,"filler","male",18,"Catalan, Spanish"
"15","C34_T_28_F",155,0.0211727755192691,0,NA,NA,"",NA,NA,NA,34,"Catalan","target",28,"filler","male",18,"Catalan, Spanish"
"16","C34_T_28_F",165,0.0208533556274324,0,NA,NA,"",NA,NA,NA,34,"Catalan","target",28,"filler","male",18,"Catalan, Spanish"
"17","C34_T_28_F",175,0.0208265882782363,0,NA,NA,"",NA,NA,NA,34,"Catalan","target",28,"filler","male",18,"Catalan, Spanish"
"18","C34_T_28_F",185,0.0208448528893583,0,NA,NA,"",NA,NA,NA,34,"Catalan","target",28,"filler","male",18,"Catalan, Spanish"
"19","C34_T_28_F",195,0.0207772439139563,0,NA,NA,"",NA,NA,NA,34,"Catalan","target",28,"filler","male",18,"Catalan, Spanish"
"20","C34_T_28_F",205,0.0205805683538853,0,NA,NA,"",NA,NA,NA,34,"Catalan","target",28,"filler","male",18,"Catalan, Spanish"
"21","C34_T_28_F",215,0.0202431137766194,0,NA,NA,"",NA,NA,NA,34,"Catalan","target",28,"filler","male",18,"Catalan, Spanish"
"22","C34_T_28_F",225,0.0197912145429451,0,NA,NA,"",NA,NA,NA,34,"Catalan","target",28,"filler","male",18,"Catalan, Spanish"
"23","C34_T_28_F",235,0.0192692177760236,0,NA,NA,"",NA,NA,NA,34,"Catalan","target",28,"filler","male",18,"Catalan, Spanish"
"24","C34_T_28_F",245,0.0187254199860878,0,NA,NA,"",NA,NA,NA,34,"Catalan","target",28,"filler","male",18,"Catalan, Spanish"
"25","C34_T_28_F",255,0.0182095022269943,0,NA,NA,"",NA,NA,NA,34,"Catalan","target",28,"filler","male",18,"Catalan, Spanish"
"26","C34_T_28_F",265,0.0177647621378238,0,NA,NA,"",NA,NA,NA,34,"Catalan","target",28,"filler","male",18,"Catalan, Spanish"
"27","C34_T_28_F",275,0.0174222143097503,0,NA,NA,"",NA,NA,NA,34,"Catalan","target",28,"filler","male",18,"Catalan, Spanish"
"28","C34_T_28_F",285,0.0172052169238138,0,NA,NA,"",NA,NA,NA,34,"Catalan","target",28,"filler","male",18,"Catalan, Spanish"
"29","C34_T_28_F",295,0.0171228715954507,0,NA,NA,"",NA,NA,NA,34,"Catalan","target",28,"filler","male",18,"Catalan, Spanish"
"30","C34_T_28_F",305,0.0171516934352458,0,NA,NA,"",NA,NA,NA,34,"Catalan","target",28,"filler","male",18,"Catalan, Spanish"
"31","C34_T_28_F",315,0.0172513506998012,0,NA,NA,"",NA,NA,NA,34,"Catalan","target",28,"filler","male",18,"Catalan, Spanish"
"32","C34_T_28_F",325,0.0173988515527884,0,NA,NA,"",NA,NA,NA,34,"Catalan","target",28,"filler","male",18,"Catalan, Spanish"
"33","C34_T_28_F",335,0.0176006291894791,0,NA,NA,"",NA,NA,NA,34,"Catalan","target",28,"filler","male",18,"Catalan, Spanish"
"34","C34_T_28_F",345,0.0178748920579908,0,NA,NA,"",NA,NA,NA,34,"Catalan","target",28,"filler","male",18,"Catalan, Spanish"
"35","C34_T_28_F",355,0.0182224846544434,0,NA,NA,"",NA,NA,NA,34,"Catalan","target",28,"filler","male",18,"Catalan, Spanish"
"36","C34_T_28_F",365,0.0186271730187087,0,NA,NA,"",NA,NA,NA,34,"Catalan","target",28,"filler","male",18,"Catalan, Spanish"
"37","C34_T_28_F",375,0.0191125789763874,0,NA,NA,"",NA,NA,NA,34,"Catalan","target",28,"filler","male",18,"Catalan, Spanish"
"38","C34_T_28_F",385,0.0197239483170145,0,NA,NA,"",NA,NA,NA,34,"Catalan","target",28,"filler","male",18,"Catalan, Spanish"
"39","C34_T_28_F",395,0.0204427196892894,0,NA,NA,"",NA,NA,NA,34,"Catalan","target",28,"filler","male",18,"Catalan, Spanish"
"40","C34_T_28_F",405,0.0212065023878982,0,NA,NA,"",NA,NA,NA,34,"Catalan","target",28,"filler","male",18,"Catalan, Spanish"
"41","C34_T_28_F",415,0.0219473330169956,0,NA,NA,"",NA,NA,NA,34,"Catalan","target",28,"filler","male",18,"Catalan, Spanish"
"42","C34_T_28_F",425,0.0225882511071929,0,NA,NA,"",NA,NA,NA,34,"Catalan","target",28,"filler","male",18,"Catalan, Spanish"
"43","C34_T_28_F",435,0.0230492620553044,0,NA,NA,"",NA,NA,NA,34,"Catalan","target",28,"filler","male",18,"Catalan, Spanish"
"44","C34_T_28_F",445,0.0232763385270697,0,NA,NA,"",NA,NA,NA,34,"Catalan","target",28,"filler","male",18,"Catalan, Spanish"
"45","C34_T_28_F",455,0.0232548603226554,0,NA,NA,"",NA,NA,NA,34,"Catalan","target",28,"filler","male",18,"Catalan, Spanish"
"46","C34_T_28_F",465,0.0230043300568111,0,NA,NA,"",NA,NA,NA,34,"Catalan","target",28,"filler","male",18,"Catalan, Spanish"
"47","C34_T_28_F",475,0.0225774222848074,0,NA,NA,"",NA,NA,NA,34,"Catalan","target",28,"filler","male",18,"Catalan, Spanish"
"48","C34_T_28_F",485,0.0220335234400354,0,NA,NA,"",NA,NA,NA,34,"Catalan","target",28,"filler","male",18,"Catalan, Spanish"
"49","C34_T_28_F",495,0.021430532521145,0,NA,NA,"",NA,NA,NA,34,"Catalan","target",28,"filler","male",18,"Catalan, Spanish"
"50","C34_T_28_F",505,0.0208367356916508,0,NA,NA,"",NA,NA,NA,34,"Catalan","target",28,"filler","male",18,"Catalan, Spanish"
"51","C34_T_28_F",515,0.0203147702602416,0,NA,NA,"",NA,NA,NA,34,"Catalan","target",28,"filler","male",18,"Catalan, Spanish"
"52","C34_T_28_F",525,0.0198917102860329,0,NA,NA,"",NA,NA,NA,34,"Catalan","target",28,"filler","male",18,"Catalan, Spanish"
"53","C34_T_28_F",535,0.0195658012324432,0,NA,NA,"",NA,NA,NA,34,"Catalan","target",28,"filler","male",18,"Catalan, Spanish"
"54","C34_T_28_F",545,0.0193514157655429,0,NA,NA,"",NA,NA,NA,34,"Catalan","target",28,"filler","male",18,"Catalan, Spanish"
"55","C34_T_28_F",555,0.0192871827851178,0,NA,NA,"",NA,NA,NA,34,"Catalan","target",28,"filler","male",18,"Catalan, Spanish"
"56","C34_T_28_F",565,0.0193911797425776,0,NA,NA,"",NA,NA,NA,34,"Catalan","target",28,"filler","male",18,"Catalan, Spanish"
"57","C34_T_28_F",575,0.0196139603794167,88.7385406494141,NA,NA,"",NA,NA,NA,34,"Catalan","target",28,"filler","male",18,"Catalan, Spanish"
"58","C34_T_28_F",585,0.019876511488527,90.4206161499023,NA,NA,"",NA,NA,NA,34,"Catalan","target",28,"filler","male",18,"Catalan, Spanish"
"59","C34_T_28_F",595,0.0201386149535815,92.4718856811523,NA,NA,"",NA,NA,NA,34,"Catalan","target",28,"filler","male",18,"Catalan, Spanish"
"60","C34_T_28_F",605,0.0203841963620546,0,NA,NA,"",NA,NA,NA,34,"Catalan","target",28,"filler","male",18,"Catalan, Spanish"
"61","C34_T_28_F",615,0.0205914487281263,0,NA,NA,"",NA,NA,NA,34,"Catalan","target",28,"filler","male",18,"Catalan, Spanish"
"62","C34_T_28_F",625,0.0207439017983299,0,NA,NA,"",NA,NA,NA,34,"Catalan","target",28,"filler","male",18,"Catalan, Spanish"
"63","C34_T_28_F",635,0.0208444515716191,0,NA,NA,"",NA,NA,NA,34,"Catalan","target",28,"filler","male",18,"Catalan, Spanish"
"64","C34_T_28_F",645,0.0209042686252332,0,NA,NA,"",NA,NA,NA,34,"Catalan","target",28,"filler","male",18,"Catalan, Spanish"
"65","C34_T_28_F",655,0.0209320199611163,0,NA,NA,"",NA,NA,NA,34,"Catalan","target",28,"filler","male",18,"Catalan, Spanish"
"66","C34_T_28_F",665,0.0209324470970094,0,NA,NA,"",NA,NA,NA,34,"Catalan","target",28,"filler","male",18,"Catalan, Spanish"
"67","C34_T_28_F",675,0.0209035443266484,0,NA,NA,"",NA,NA,NA,34,"Catalan","target",28,"filler","male",18,"Catalan, Spanish"
"68","C34_T_28_F",685,0.0208421008520793,0,NA,NA,"",NA,NA,NA,34,"Catalan","target",28,"filler","male",18,"Catalan, Spanish"
"69","C34_T_28_F",695,0.0207571924263418,0,NA,NA,"",NA,NA,NA,34,"Catalan","target",28,"filler","male",18,"Catalan, Spanish"
"70","C34_T_28_F",705,0.0206708601725102,0,NA,NA,"",NA,NA,NA,34,"Catalan","target",28,"filler","male",18,"Catalan, Spanish"
"71","C34_T_28_F",715,0.0206248027292927,0,NA,NA,"",NA,NA,NA,34,"Catalan","target",28,"filler","male",18,"Catalan, Spanish"
"72","C34_T_28_F",725,0.0206701730363708,0,NA,NA,"",NA,NA,NA,34,"Catalan","target",28,"filler","male",18,"Catalan, Spanish"
"73","C34_T_28_F",735,0.0208430936799397,0,NA,NA,"",NA,NA,NA,34,"Catalan","target",28,"filler","male",18,"Catalan, Spanish"
"74","C34_T_28_F",745,0.0211301165266591,0,NA,NA,"",NA,NA,NA,34,"Catalan","target",28,"filler","male",18,"Catalan, Spanish"
"75","C34_T_28_F",755,0.0214714069811039,0,NA,NA,"",NA,NA,NA,34,"Catalan","target",28,"filler","male",18,"Catalan, Spanish"
"76","C34_T_28_F",765,0.0218100937318696,0,NA,NA,"",NA,NA,NA,34,"Catalan","target",28,"filler","male",18,"Catalan, Spanish"
"77","C34_T_28_F",775,0.0220933164191864,0,NA,NA,"",NA,NA,NA,34,"Catalan","target",28,"filler","male",18,"Catalan, Spanish"
"78","C34_T_28_F",785,0.0222831219030886,0,NA,NA,"",NA,NA,NA,34,"Catalan","target",28,"filler","male",18,"Catalan, Spanish"
"79","C34_T_28_F",795,0.0223757627468221,0,NA,NA,"",NA,NA,NA,34,"Catalan","target",28,"filler","male",18,"Catalan, Spanish"
"80","C34_T_28_F",805,0.0223676324748885,0,NA,NA,"",NA,NA,NA,34,"Catalan","target",28,"filler","male",18,"Catalan, Spanish"
"81","C34_T_28_F",815,0.0222654082243134,0,NA,NA,"",NA,NA,NA,34,"Catalan","target",28,"filler","male",18,"Catalan, Spanish"
"82","C34_T_28_F",825,0.0221025829775569,0,NA,NA,"",NA,NA,NA,34,"Catalan","target",28,"filler","male",18,"Catalan, Spanish"
"83","C34_T_28_F",835,0.0219351610192459,0,NA,NA,"",NA,NA,NA,34,"Catalan","target",28,"filler","male",18,"Catalan, Spanish"
"84","C34_T_28_F",845,0.0218084504996827,0,NA,NA,"",NA,NA,NA,34,"Catalan","target",28,"filler","male",18,"Catalan, Spanish"
"85","C34_T_28_F",855,0.0217243495726045,0,NA,NA,"",NA,NA,NA,34,"Catalan","target",28,"filler","male",18,"Catalan, Spanish"
"86","C34_T_28_F",865,0.0216613165136805,0,NA,NA,"",NA,NA,NA,34,"Catalan","target",28,"filler","male",18,"Catalan, Spanish"
"87","C34_T_28_F",875,0.0215930087882392,0,NA,NA,"",NA,NA,NA,34,"Catalan","target",28,"filler","male",18,"Catalan, Spanish"
"88","C34_T_28_F",885,0.02152838417927,0,NA,NA,"",NA,NA,NA,34,"Catalan","target",28,"filler","male",18,"Catalan, Spanish"
"89","C34_T_28_F",895,0.0216061889545963,0,NA,NA,"",NA,NA,NA,34,"Catalan","target",28,"filler","male",18,"Catalan, Spanish"
"90","C34_T_28_F",905,0.02199032203792,0,NA,NA,"",NA,NA,NA,34,"Catalan","target",28,"filler","male",18,"Catalan, Spanish"
"91","C34_T_28_F",915,0.0226849003651763,0,NA,NA,"",NA,NA,NA,34,"Catalan","target",28,"filler","male",18,"Catalan, Spanish"
"92","C34_T_28_F",925,0.0235961562844872,0,NA,NA,"",NA,NA,NA,34,"Catalan","target",28,"filler","male",18,"Catalan, Spanish"
"93","C34_T_28_F",935,0.0246191146379655,0,NA,NA,"",NA,NA,NA,34,"Catalan","target",28,"filler","male",18,"Catalan, Spanish"
"94","C34_T_28_F",945,0.0256540206258138,0,NA,NA,"",NA,NA,NA,34,"Catalan","target",28,"filler","male",18,"Catalan, Spanish"
"95","C34_T_28_F",955,0.026653362978407,0,NA,NA,"",NA,NA,NA,34,"Catalan","target",28,"filler","male",18,"Catalan, Spanish"
"96","C34_T_28_F",965,0.0281312277027557,0,NA,NA,"",NA,NA,NA,34,"Catalan","target",28,"filler","male",18,"Catalan, Spanish"
"97","C34_T_28_F",975,0.0317771747398199,0,NA,NA,"",NA,NA,NA,34,"Catalan","target",28,"filler","male",18,"Catalan, Spanish"
"98","C34_T_28_F",985,0.0397678598214979,0,NA,NA,"",NA,NA,NA,34,"Catalan","target",28,"filler","male",18,"Catalan, Spanish"
"99","C34_T_28_F",995,0.0535953199331892,0,NA,NA,"",NA,NA,NA,34,"Catalan","target",28,"filler","male",18,"Catalan, Spanish"
"100","C34_T_28_F",1005,0.0738463598784807,0,NA,NA,"",NA,NA,NA,34,"Catalan","target",28,"filler","male",18,"Catalan, Spanish"
"101","C34_T_28_F",1015,0.100296634496726,0,NA,NA,"",NA,NA,NA,34,"Catalan","target",28,"filler","male",18,"Catalan, Spanish"
"102","C34_T_28_F",1025,0.132022969333154,0,NA,NA,"",NA,NA,NA,34,"Catalan","target",28,"filler","male",18,"Catalan, Spanish"
"103","C34_T_28_F",1035,0.167692407226496,0,NA,NA,"",NA,NA,NA,34,"Catalan","target",28,"filler","male",18,"Catalan, Spanish"
"104","C34_T_28_F",1045,0.205714987893937,0,NA,NA,"",NA,NA,NA,34,"Catalan","target",28,"filler","male",18,"Catalan, Spanish"
"105","C34_T_28_F",1055,0.244159069640556,0,NA,NA,"",NA,NA,NA,34,"Catalan","target",28,"filler","male",18,"Catalan, Spanish"
"106","C34_T_28_F",1065,0.280951363405714,146.722015380859,NA,NA,"",NA,NA,NA,34,"Catalan","target",28,"filler","male",18,"Catalan, Spanish"
"107","C34_T_28_F",1075,0.314480554970658,142.804016113281,NA,NA,"",NA,NA,NA,34,"Catalan","target",28,"filler","male",18,"Catalan, Spanish"
"108","C34_T_28_F",1085,0.343751897646228,131.79133605957,NA,NA,"",NA,NA,NA,34,"Catalan","target",28,"filler","male",18,"Catalan, Spanish"
"109","C34_T_28_F",1095,0.368009500646943,129.043746948242,NA,NA,"",NA,NA,NA,34,"Catalan","target",28,"filler","male",18,"Catalan, Spanish"
"110","C34_T_28_F",1105,0.386713713728185,124.925445556641,NA,NA,"",NA,NA,NA,34,"Catalan","target",28,"filler","male",18,"Catalan, Spanish"
"111","C34_T_28_F",1115,0.399831288988502,124.966781616211,NA,NA,"",NA,NA,NA,34,"Catalan","target",28,"filler","male",18,"Catalan, Spanish"
"112","C34_T_28_F",1125,0.407925532405825,123.789108276367,NA,NA,"",NA,NA,NA,34,"Catalan","target",28,"filler","male",18,"Catalan, Spanish"
"113","C34_T_28_F",1135,0.41211210616568,119.467681884766,NA,NA,"",NA,NA,NA,34,"Catalan","target",28,"filler","male",18,"Catalan, Spanish"
"114","C34_T_28_F",1145,0.414036452253536,117.821083068848,NA,NA,"",NA,NA,NA,34,"Catalan","target",28,"filler","male",18,"Catalan, Spanish"
"115","C34_T_28_F",1155,0.415765486828225,119.834396362305,NA,NA,"",NA,NA,NA,34,"Catalan","target",28,"filler","male",18,"Catalan, Spanish"
"116","C34_T_28_F",1165,0.418992312339581,125.832901000977,NA,NA,"",NA,NA,NA,34,"Catalan","target",28,"filler","male",18,"Catalan, Spanish"
"117","C34_T_28_F",1175,0.424038363992224,126.380226135254,NA,NA,"",NA,NA,NA,34,"Catalan","target",28,"filler","male",18,"Catalan, Spanish"
"118","C34_T_28_F",1185,0.429974367311317,126.988677978516,NA,NA,"",NA,NA,NA,34,"Catalan","target",28,"filler","male",18,"Catalan, Spanish"
"119","C34_T_28_F",1195,0.435707099321709,128.579681396484,NA,NA,"",NA,NA,NA,34,"Catalan","target",28,"filler","male",18,"Catalan, Spanish"
"120","C34_T_28_F",1205,0.440619779579581,129.472381591797,NA,NA,"",NA,NA,NA,34,"Catalan","target",28,"filler","male",18,"Catalan, Spanish"
"121","C34_T_28_F",1215,0.444291396310607,131.394729614258,NA,NA,"",NA,NA,NA,34,"Catalan","target",28,"filler","male",18,"Catalan, Spanish"
"122","C34_T_28_F",1225,0.446316648457801,133.395095825195,NA,NA,"",NA,NA,NA,34,"Catalan","target",28,"filler","male",18,"Catalan, Spanish"
"123","C34_T_28_F",1235,0.446381799973869,137.482055664062,NA,NA,"",NA,NA,NA,34,"Catalan","target",28,"filler","male",18,"Catalan, Spanish"
"124","C34_T_28_F",1245,0.444337156408531,135.783004760742,NA,NA,"",NA,NA,NA,34,"Catalan","target",28,"filler","male",18,"Catalan, Spanish"
"125","C34_T_28_F",1255,0.44048396736174,136.73469543457,NA,NA,"",NA,NA,NA,34,"Catalan","target",28,"filler","male",18,"Catalan, Spanish"
"126","C34_T_28_F",1265,0.435403906308426,140.345947265625,NA,NA,"",NA,NA,NA,34,"Catalan","target",28,"filler","male",18,"Catalan, Spanish"
"127","C34_T_28_F",1275,0.429376023859271,0,NA,NA,"",NA,NA,NA,34,"Catalan","target",28,"filler","male",18,"Catalan, Spanish"
"128","C34_T_28_F",1285,0.422387086396341,132.636337280273,NA,NA,"",NA,NA,NA,34,"Catalan","target",28,"filler","male",18,"Catalan, Spanish"
"129","C34_T_28_F",1295,0.414510317395812,130.443328857422,NA,NA,"",NA,NA,NA,34,"Catalan","target",28,"filler","male",18,"Catalan, Spanish"
"130","C34_T_28_F",1305,0.406057179222789,132.028701782227,NA,NA,"",NA,NA,NA,34,"Catalan","target",28,"filler","male",18,"Catalan, Spanish"
"131","C34_T_28_F",1315,0.39746718469466,128.163055419922,NA,NA,"",NA,NA,NA,34,"Catalan","target",28,"filler","male",18,"Catalan, Spanish"
"132","C34_T_28_F",1325,0.389204873484771,126.631675720215,NA,NA,"",NA,NA,NA,34,"Catalan","target",28,"filler","male",18,"Catalan, Spanish"
"133","C34_T_28_F",1335,0.381616539927913,125.222007751465,NA,NA,"",NA,NA,NA,34,"Catalan","target",28,"filler","male",18,"Catalan, Spanish"
"134","C34_T_28_F",1345,0.374734036890686,122.268493652344,NA,NA,"",NA,NA,NA,34,"Catalan","target",28,"filler","male",18,"Catalan, Spanish"
"135","C34_T_28_F",1355,0.368159616016313,122.57795715332,NA,NA,"",NA,NA,NA,34,"Catalan","target",28,"filler","male",18,"Catalan, Spanish"
"136","C34_T_28_F",1365,0.361078397904747,120.759780883789,NA,NA,"",NA,NA,NA,34,"Catalan","target",28,"filler","male",18,"Catalan, Spanish"
"137","C34_T_28_F",1375,0.352477258984422,120.744277954102,NA,NA,"",NA,NA,NA,34,"Catalan","target",28,"filler","male",18,"Catalan, Spanish"
"138","C34_T_28_F",1385,0.341688142772927,119.524703979492,NA,NA,"",NA,NA,NA,34,"Catalan","target",28,"filler","male",18,"Catalan, Spanish"
"139","C34_T_28_F",1395,0.328462049129378,119.275650024414,NA,NA,"",NA,NA,NA,34,"Catalan","target",28,"filler","male",18,"Catalan, Spanish"
"140","C34_T_28_F",1405,0.312530337900292,117.979598999023,NA,NA,"",NA,NA,NA,34,"Catalan","target",28,"filler","male",18,"Catalan, Spanish"
"141","C34_T_28_F",1415,0.293844526002426,118.838844299316,NA,NA,"",NA,NA,NA,34,"Catalan","target",28,"filler","male",18,"Catalan, Spanish"
"142","C34_T_28_F",1425,0.272801487098782,119.658477783203,NA,NA,"",NA,NA,NA,34,"Catalan","target",28,"filler","male",18,"Catalan, Spanish"
"143","C34_T_28_F",1435,0.249995172917612,118.129615783691,NA,NA,"",NA,NA,NA,34,"Catalan","target",28,"filler","male",18,"Catalan, Spanish"
"144","C34_T_28_F",1445,0.226100084264918,123.043731689453,NA,NA,"",NA,NA,NA,34,"Catalan","target",28,"filler","male",18,"Catalan, Spanish"
"145","C34_T_28_F",1455,0.201811060061463,118.738662719727,NA,NA,"",NA,NA,NA,34,"Catalan","target",28,"filler","male",18,"Catalan, Spanish"
"146","C34_T_28_F",1465,0.177858227232344,116.215118408203,NA,NA,"",NA,NA,NA,34,"Catalan","target",28,"filler","male",18,"Catalan, Spanish"
"147","C34_T_28_F",1475,0.154992844328743,0,NA,NA,"",NA,NA,NA,34,"Catalan","target",28,"filler","male",18,"Catalan, Spanish"
"148","C34_T_28_F",1485,0.133857724671312,0,NA,NA,"",NA,NA,NA,34,"Catalan","target",28,"filler","male",18,"Catalan, Spanish"
"149","C34_T_28_F",1495,0.11495744925576,0,NA,NA,"",NA,NA,NA,34,"Catalan","target",28,"filler","male",18,"Catalan, Spanish"
"150","C34_T_28_F",1505,0.098654673276772,0,NA,NA,"",NA,NA,NA,34,"Catalan","target",28,"filler","male",18,"Catalan, Spanish"
"151","C34_T_28_F",1515,0.0852954835774868,0,NA,NA,"",NA,NA,NA,34,"Catalan","target",28,"filler","male",18,"Catalan, Spanish"
"152","C34_T_28_F",1525,0.0754933644830595,0,NA,NA,"",NA,NA,NA,34,"Catalan","target",28,"filler","male",18,"Catalan, Spanish"
"153","C34_T_28_F",1535,0.0701675765201455,0,NA,NA,"",NA,NA,NA,34,"Catalan","target",28,"filler","male",18,"Catalan, Spanish"
"154","C34_T_28_F",1545,0.0700180961733708,0,NA,NA,"",NA,NA,NA,34,"Catalan","target",28,"filler","male",18,"Catalan, Spanish"
"155","C34_T_28_F",1555,0.0752701204129447,0,NA,NA,"",NA,NA,NA,34,"Catalan","target",28,"filler","male",18,"Catalan, Spanish"
"156","C34_T_28_F",1565,0.0858981328104431,0,NA,NA,"",NA,NA,NA,34,"Catalan","target",28,"filler","male",18,"Catalan, Spanish"
"157","C34_T_28_F",1575,0.101647640695348,0,NA,NA,"",NA,NA,NA,34,"Catalan","target",28,"filler","male",18,"Catalan, Spanish"
"158","C34_T_28_F",1585,0.121935319293046,0,NA,NA,"",NA,NA,NA,34,"Catalan","target",28,"filler","male",18,"Catalan, Spanish"
"159","C34_T_28_F",1595,0.145878721115775,0,NA,NA,"",NA,NA,NA,34,"Catalan","target",28,"filler","male",18,"Catalan, Spanish"
"160","C34_T_28_F",1605,0.172421516620863,0,NA,NA,"",NA,NA,NA,34,"Catalan","target",28,"filler","male",18,"Catalan, Spanish"
"161","C34_T_28_F",1615,0.200309206035603,141.399475097656,NA,NA,"",NA,NA,NA,34,"Catalan","target",28,"filler","male",18,"Catalan, Spanish"
"162","C34_T_28_F",1625,0.228084027078494,141.482055664062,NA,NA,"",NA,NA,NA,34,"Catalan","target",28,"filler","male",18,"Catalan, Spanish"
"163","C34_T_28_F",1635,0.254283140761873,126.468330383301,NA,NA,"",NA,NA,NA,34,"Catalan","target",28,"filler","male",18,"Catalan, Spanish"
"164","C34_T_28_F",1645,0.277623803550498,124.359382629395,NA,NA,"",NA,NA,NA,34,"Catalan","target",28,"filler","male",18,"Catalan, Spanish"
"165","C34_T_28_F",1655,0.297102487886027,121.163993835449,NA,NA,"",NA,NA,NA,34,"Catalan","target",28,"filler","male",18,"Catalan, Spanish"
"166","C34_T_28_F",1665,0.31207995081906,121.30689239502,NA,NA,"",NA,NA,NA,34,"Catalan","target",28,"filler","male",18,"Catalan, Spanish"
"167","C34_T_28_F",1675,0.322352838673402,120.93758392334,NA,NA,"",NA,NA,NA,34,"Catalan","target",28,"filler","male",18,"Catalan, Spanish"
"168","C34_T_28_F",1685,0.328188235740172,122.149063110352,NA,NA,"",NA,NA,NA,34,"Catalan","target",28,"filler","male",18,"Catalan, Spanish"
"169","C34_T_28_F",1695,0.330282319912398,122.005462646484,NA,NA,"",NA,NA,NA,34,"Catalan","target",28,"filler","male",18,"Catalan, Spanish"
"170","C34_T_28_F",1705,0.329679277683644,122.901962280273,NA,NA,"",NA,NA,NA,34,"Catalan","target",28,"filler","male",18,"Catalan, Spanish"
"171","C34_T_28_F",1715,0.327530688078146,123.137107849121,NA,NA,"",NA,NA,NA,34,"Catalan","target",28,"filler","male",18,"Catalan, Spanish"
"172","C34_T_28_F",1725,0.324616639695804,122.956398010254,NA,NA,"",NA,NA,NA,34,"Catalan","target",28,"filler","male",18,"Catalan, Spanish"
"173","C34_T_28_F",1735,0.321160410120687,122.614822387695,NA,NA,"",NA,NA,NA,34,"Catalan","target",28,"filler","male",18,"Catalan, Spanish"
"174","C34_T_28_F",1745,0.317280289543127,123.126251220703,NA,NA,"",NA,NA,NA,34,"Catalan","target",28,"filler","male",18,"Catalan, Spanish"
"175","C34_T_28_F",1755,0.313201961221953,122.491943359375,NA,NA,"",NA,NA,NA,34,"Catalan","target",28,"filler","male",18,"Catalan, Spanish"
"176","C34_T_28_F",1765,0.309133042925248,123.181549072266,NA,NA,"",NA,NA,NA,34,"Catalan","target",28,"filler","male",18,"Catalan, Spanish"
"177","C34_T_28_F",1775,0.305290463386276,123.645942687988,NA,NA,"",NA,NA,NA,34,"Catalan","target",28,"filler","male",18,"Catalan, Spanish"
"178","C34_T_28_F",1785,0.301916773501586,122.987243652344,NA,NA,"",NA,NA,NA,34,"Catalan","target",28,"filler","male",18,"Catalan, Spanish"
"179","C34_T_28_F",1795,0.299214550246294,123.26326751709,NA,NA,"",NA,NA,NA,34,"Catalan","target",28,"filler","male",18,"Catalan, Spanish"
"180","C34_T_28_F",1805,0.297321739391753,123.019096374512,NA,NA,"",NA,NA,NA,34,"Catalan","target",28,"filler","male",18,"Catalan, Spanish"
"181","C34_T_28_F",1815,0.296353764653124,122.851829528809,NA,NA,"",NA,NA,NA,34,"Catalan","target",28,"filler","male",18,"Catalan, Spanish"
"182","C34_T_28_F",1825,0.296295627128568,122.392066955566,NA,NA,"",NA,NA,NA,34,"Catalan","target",28,"filler","male",18,"Catalan, Spanish"
"183","C34_T_28_F",1835,0.296996016128637,122.46329498291,NA,NA,"",NA,NA,NA,34,"Catalan","target",28,"filler","male",18,"Catalan, Spanish"
"184","C34_T_28_F",1845,0.298242482280622,121.949279785156,NA,NA,"",NA,NA,NA,34,"Catalan","target",28,"filler","male",18,"Catalan, Spanish"
"185","C34_T_28_F",1855,0.299709906086145,121.546234130859,NA,NA,"",NA,NA,NA,34,"Catalan","target",28,"filler","male",18,"Catalan, Spanish"
"186","C34_T_28_F",1865,0.30103750512469,121.392852783203,NA,NA,"",NA,NA,NA,34,"Catalan","target",28,"filler","male",18,"Catalan, Spanish"
"187","C34_T_28_F",1875,0.301948029165133,121.035736083984,NA,NA,"",NA,NA,NA,34,"Catalan","target",28,"filler","male",18,"Catalan, Spanish"
"188","C34_T_28_F",1885,0.302275060900876,121.383903503418,NA,NA,"",NA,NA,NA,34,"Catalan","target",28,"filler","male",18,"Catalan, Spanish"
"189","C34_T_28_F",1895,0.302020737542812,120.41455078125,NA,NA,"",NA,NA,NA,34,"Catalan","target",28,"filler","male",18,"Catalan, Spanish"
"190","C34_T_28_F",1905,0.301369347637211,120.1533203125,NA,NA,"",NA,NA,NA,34,"Catalan","target",28,"filler","male",18,"Catalan, Spanish"
"191","C34_T_28_F",1915,0.300615936686828,120.55632019043,NA,NA,"",NA,NA,NA,34,"Catalan","target",28,"filler","male",18,"Catalan, Spanish"
"192","C34_T_28_F",1925,0.299955694312035,121.682960510254,NA,NA,"",NA,NA,NA,34,"Catalan","target",28,"filler","male",18,"Catalan, Spanish"
"193","C34_T_28_F",1935,0.299324422637565,121.944442749023,NA,NA,"",NA,NA,NA,34,"Catalan","target",28,"filler","male",18,"Catalan, Spanish"
"194","C34_T_28_F",1945,0.298547284550423,121.78394317627,NA,NA,"",NA,NA,NA,34,"Catalan","target",28,"filler","male",18,"Catalan, Spanish"
"195","C34_T_28_F",1955,0.297549663448876,121.25390625,NA,NA,"",NA,NA,NA,34,"Catalan","target",28,"filler","male",18,"Catalan, Spanish"
"196","C34_T_28_F",1965,0.296422714384845,120.504615783691,NA,NA,"",NA,NA,NA,34,"Catalan","target",28,"filler","male",18,"Catalan, Spanish"
"197","C34_T_28_F",1975,0.295387208189763,120.795555114746,NA,NA,"",NA,NA,NA,34,"Catalan","target",28,"filler","male",18,"Catalan, Spanish"
"198","C34_T_28_F",1985,0.294614733758703,121.084083557129,NA,NA,"",NA,NA,NA,34,"Catalan","target",28,"filler","male",18,"Catalan, Spanish"
"199","C34_T_28_F",1995,0.294113424884169,121.454292297363,NA,NA,"",NA,NA,NA,34,"Catalan","target",28,"filler","male",18,"Catalan, Spanish"
"200","C34_T_28_F",2005,0.293945937812244,122.053619384766,NA,NA,"",NA,NA,NA,34,"Catalan","target",28,"filler","male",18,"Catalan, Spanish"
"201","C34_T_28_F",2015,0.294513374278665,121.805511474609,NA,NA,"",NA,NA,NA,34,"Catalan","target",28,"filler","male",18,"Catalan, Spanish"
"202","C34_T_28_F",2025,0.296366897644133,122.777191162109,NA,NA,"",NA,NA,NA,34,"Catalan","target",28,"filler","male",18,"Catalan, Spanish"
"203","C34_T_28_F",2035,0.299915996019886,124.522369384766,NA,NA,"",NA,NA,NA,34,"Catalan","target",28,"filler","male",18,"Catalan, Spanish"
"204","C34_T_28_F",2045,0.305322569713299,129.825485229492,NA,NA,"",NA,NA,NA,34,"Catalan","target",28,"filler","male",18,"Catalan, Spanish"
"205","C34_T_28_F",2055,0.312370344565164,135.282318115234,NA,NA,"",NA,NA,NA,34,"Catalan","target",28,"filler","male",18,"Catalan, Spanish"
"206","C34_T_28_F",2065,0.320543813653648,136.785018920898,NA,NA,"",NA,NA,NA,34,"Catalan","target",28,"filler","male",18,"Catalan, Spanish"
"207","C34_T_28_F",2075,0.32922240880467,134.082901000977,NA,NA,"",NA,NA,NA,34,"Catalan","target",28,"filler","male",18,"Catalan, Spanish"
"208","C34_T_28_F",2085,0.337694671413738,135.310440063477,NA,NA,"",NA,NA,NA,34,"Catalan","target",28,"filler","male",18,"Catalan, Spanish"
"209","C34_T_28_F",2095,0.345167632809425,146.783325195312,NA,NA,"",NA,NA,NA,34,"Catalan","target",28,"filler","male",18,"Catalan, Spanish"
"210","C34_T_28_F",2105,0.350916634762805,145.692611694336,NA,NA,"",NA,NA,NA,34,"Catalan","target",28,"filler","male",18,"Catalan, Spanish"
"211","C34_T_28_F",2115,0.354425274148492,141.160919189453,NA,NA,"",NA,NA,NA,34,"Catalan","target",28,"filler","male",18,"Catalan, Spanish"
"212","C34_T_28_F",2125,0.355439664059853,139.172180175781,NA,NA,"",NA,NA,NA,34,"Catalan","target",28,"filler","male",18,"Catalan, Spanish"
"213","C34_T_28_F",2135,0.353876150618286,137.018508911133,NA,NA,"",NA,NA,NA,34,"Catalan","target",28,"filler","male",18,"Catalan, Spanish"
"214","C34_T_28_F",2145,0.349731482340509,134.004852294922,NA,NA,"",NA,NA,NA,34,"Catalan","target",28,"filler","male",18,"Catalan, Spanish"
"215","C34_T_28_F",2155,0.343181685606971,136.633331298828,NA,NA,"",NA,NA,NA,34,"Catalan","target",28,"filler","male",18,"Catalan, Spanish"
"216","C34_T_28_F",2165,0.334779239856098,134.710052490234,NA,NA,"",NA,NA,NA,34,"Catalan","target",28,"filler","male",18,"Catalan, Spanish"
"217","C34_T_28_F",2175,0.325448608883614,138.613983154297,NA,NA,"",NA,NA,NA,34,"Catalan","target",28,"filler","male",18,"Catalan, Spanish"
"218","C34_T_28_F",2185,0.316296841313225,133.813064575195,NA,NA,"",NA,NA,NA,34,"Catalan","target",28,"filler","male",18,"Catalan, Spanish"
"219","C34_T_28_F",2195,0.308237170870822,132.41455078125,NA,NA,"",NA,NA,NA,34,"Catalan","target",28,"filler","male",18,"Catalan, Spanish"
"220","C34_T_28_F",2205,0.301545197864036,131.252883911133,NA,NA,"",NA,NA,NA,34,"Catalan","target",28,"filler","male",18,"Catalan, Spanish"
"221","C34_T_28_F",2215,0.295697308837748,129.532806396484,NA,NA,"",NA,NA,NA,34,"Catalan","target",28,"filler","male",18,"Catalan, Spanish"
"222","C34_T_28_F",2225,0.289727722334083,128.523010253906,NA,NA,"",NA,NA,NA,34,"Catalan","target",28,"filler","male",18,"Catalan, Spanish"
"223","C34_T_28_F",2235,0.282534495057558,129.016006469727,NA,NA,"",NA,NA,NA,34,"Catalan","target",28,"filler","male",18,"Catalan, Spanish"
"224","C34_T_28_F",2245,0.27310013486955,131.783279418945,NA,NA,"",NA,NA,NA,34,"Catalan","target",28,"filler","male",18,"Catalan, Spanish"
"225","C34_T_28_F",2255,0.260852900630841,134.99934387207,NA,NA,"",NA,NA,NA,34,"Catalan","target",28,"filler","male",18,"Catalan, Spanish"
"226","C34_T_28_F",2265,0.245644801874291,138.259216308594,NA,NA,"",NA,NA,NA,34,"Catalan","target",28,"filler","male",18,"Catalan, Spanish"
"227","C34_T_28_F",2275,0.227596721369465,139.558975219727,NA,NA,"",NA,NA,NA,34,"Catalan","target",28,"filler","male",18,"Catalan, Spanish"
"228","C34_T_28_F",2285,0.2071123136912,135.604461669922,NA,NA,"",NA,NA,NA,34,"Catalan","target",28,"filler","male",18,"Catalan, Spanish"
"229","C34_T_28_F",2295,0.184877046681664,134.114318847656,NA,NA,"",NA,NA,NA,34,"Catalan","target",28,"filler","male",18,"Catalan, Spanish"
"230","C34_T_28_F",2305,0.162101870789939,0,NA,NA,"",NA,NA,NA,34,"Catalan","target",28,"filler","male",18,"Catalan, Spanish"
"231","C34_T_28_F",2315,0.140788009314903,0,NA,NA,"",NA,NA,NA,34,"Catalan","target",28,"filler","male",18,"Catalan, Spanish"
"232","C34_T_28_F",2325,0.123427888192783,0,NA,NA,"",NA,NA,NA,34,"Catalan","target",28,"filler","male",18,"Catalan, Spanish"
"233","C34_T_28_F",2335,0.112589218238331,0,NA,NA,"",NA,NA,NA,34,"Catalan","target",28,"filler","male",18,"Catalan, Spanish"
"234","C34_T_28_F",2345,0.110519889546592,0,NA,NA,"",NA,NA,NA,34,"Catalan","target",28,"filler","male",18,"Catalan, Spanish"
"235","C34_T_28_F",2355,0.118539396936118,0,NA,NA,"",NA,NA,NA,34,"Catalan","target",28,"filler","male",18,"Catalan, Spanish"
"236","C34_T_28_F",2365,0.136476507328416,0,NA,NA,"",NA,NA,NA,34,"Catalan","target",28,"filler","male",18,"Catalan, Spanish"
"237","C34_T_28_F",2375,0.162839507313144,0,NA,NA,"",NA,NA,NA,34,"Catalan","target",28,"filler","male",18,"Catalan, Spanish"
"238","C34_T_28_F",2385,0.195365405947756,0,NA,NA,"",NA,NA,NA,34,"Catalan","target",28,"filler","male",18,"Catalan, Spanish"
"239","C34_T_28_F",2395,0.231183271336941,0,NA,NA,"",NA,NA,NA,34,"Catalan","target",28,"filler","male",18,"Catalan, Spanish"
"240","C34_T_28_F",2405,0.267048709995549,170.117691040039,NA,NA,"",NA,NA,NA,34,"Catalan","target",28,"filler","male",18,"Catalan, Spanish"
"241","C34_T_28_F",2415,0.299935208729647,167.178207397461,NA,NA,"",NA,NA,NA,34,"Catalan","target",28,"filler","male",18,"Catalan, Spanish"
"242","C34_T_28_F",2425,0.327518584111827,163.679962158203,NA,NA,"",NA,NA,NA,34,"Catalan","target",28,"filler","male",18,"Catalan, Spanish"
"243","C34_T_28_F",2435,0.348266536730198,161.871643066406,NA,NA,"",NA,NA,NA,34,"Catalan","target",28,"filler","male",18,"Catalan, Spanish"
"244","C34_T_28_F",2445,0.361202770903472,157.447387695312,NA,NA,"",NA,NA,NA,34,"Catalan","target",28,"filler","male",18,"Catalan, Spanish"
"245","C34_T_28_F",2455,0.365882908980051,151.025192260742,NA,NA,"",NA,NA,NA,34,"Catalan","target",28,"filler","male",18,"Catalan, Spanish"
"246","C34_T_28_F",2465,0.362536423376068,146.718551635742,NA,NA,"",NA,NA,NA,34,"Catalan","target",28,"filler","male",18,"Catalan, Spanish"
"247","C34_T_28_F",2475,0.35214075606162,146.738510131836,NA,NA,"",NA,NA,NA,34,"Catalan","target",28,"filler","male",18,"Catalan, Spanish"
"248","C34_T_28_F",2485,0.336492967648352,143.222122192383,NA,NA,"",NA,NA,NA,34,"Catalan","target",28,"filler","male",18,"Catalan, Spanish"
"249","C34_T_28_F",2495,0.317982302546909,141.198959350586,NA,NA,"",NA,NA,NA,34,"Catalan","target",28,"filler","male",18,"Catalan, Spanish"
"250","C34_T_28_F",2505,0.29884666543352,141.892883300781,NA,NA,"",NA,NA,NA,34,"Catalan","target",28,"filler","male",18,"Catalan, Spanish"
"251","C34_T_28_F",2515,0.280475183357523,137.200439453125,NA,NA,"",NA,NA,NA,34,"Catalan","target",28,"filler","male",18,"Catalan, Spanish"
"252","C34_T_28_F",2525,0.263528882497407,136.160552978516,NA,NA,"",NA,NA,NA,34,"Catalan","target",28,"filler","male",18,"Catalan, Spanish"
"253","C34_T_28_F",2535,0.248333852775384,132.241271972656,NA,NA,"",NA,NA,NA,34,"Catalan","target",28,"filler","male",18,"Catalan, Spanish"
"254","C34_T_28_F",2545,0.234928086192071,126.887619018555,NA,NA,"",NA,NA,NA,34,"Catalan","target",28,"filler","male",18,"Catalan, Spanish"
"255","C34_T_28_F",2555,0.223069272393765,123.713996887207,NA,NA,"",NA,NA,NA,34,"Catalan","target",28,"filler","male",18,"Catalan, Spanish"
"256","C34_T_28_F",2565,0.212371645097157,128.376403808594,NA,NA,"",NA,NA,NA,34,"Catalan","target",28,"filler","male",18,"Catalan, Spanish"
"257","C34_T_28_F",2575,0.202197548261932,127.376426696777,NA,NA,"",NA,NA,NA,34,"Catalan","target",28,"filler","male",18,"Catalan, Spanish"
"258","C34_T_28_F",2585,0.191653462033949,127.171966552734,NA,NA,"",NA,NA,NA,34,"Catalan","target",28,"filler","male",18,"Catalan, Spanish"
"259","C34_T_28_F",2595,0.180129089369727,127.060104370117,NA,NA,"",NA,NA,NA,34,"Catalan","target",28,"filler","male",18,"Catalan, Spanish"
"260","C34_T_28_F",2605,0.167542678897605,128.181945800781,NA,NA,"",NA,NA,NA,34,"Catalan","target",28,"filler","male",18,"Catalan, Spanish"
"261","C34_T_28_F",2615,0.153983520961294,125.82600402832,NA,NA,"",NA,NA,NA,34,"Catalan","target",28,"filler","male",18,"Catalan, Spanish"
"262","C34_T_28_F",2625,0.139544815480718,123.367546081543,NA,NA,"",NA,NA,NA,34,"Catalan","target",28,"filler","male",18,"Catalan, Spanish"
"263","C34_T_28_F",2635,0.124801802610228,119.013687133789,NA,NA,"",NA,NA,NA,34,"Catalan","target",28,"filler","male",18,"Catalan, Spanish"
"264","C34_T_28_F",2645,0.111122311260833,0,NA,NA,"",NA,NA,NA,34,"Catalan","target",28,"filler","male",18,"Catalan, Spanish"
"265","C34_T_28_F",2655,0.100119578698023,0,NA,NA,"",NA,NA,NA,34,"Catalan","target",28,"filler","male",18,"Catalan, Spanish"
"266","C34_T_28_F",2665,0.0932235036540277,0,NA,NA,"",NA,NA,NA,34,"Catalan","target",28,"filler","male",18,"Catalan, Spanish"
"267","C34_T_28_F",2675,0.0914814272218082,0,NA,NA,"",NA,NA,NA,34,"Catalan","target",28,"filler","male",18,"Catalan, Spanish"
"268","C34_T_28_F",2685,0.0952613635849718,0,NA,NA,"",NA,NA,NA,34,"Catalan","target",28,"filler","male",18,"Catalan, Spanish"
"269","C34_T_28_F",2695,0.104398900199816,0,NA,NA,"",NA,NA,NA,34,"Catalan","target",28,"filler","male",18,"Catalan, Spanish"
"270","C34_T_28_F",2705,0.118479823446711,0,NA,NA,"",NA,NA,NA,34,"Catalan","target",28,"filler","male",18,"Catalan, Spanish"
"271","C34_T_28_F",2715,0.13675498435353,0,NA,NA,"",NA,NA,NA,34,"Catalan","target",28,"filler","male",18,"Catalan, Spanish"
"272","C34_T_28_F",2725,0.158059016320659,151.079727172852,NA,NA,"",NA,NA,NA,34,"Catalan","target",28,"filler","male",18,"Catalan, Spanish"
"273","C34_T_28_F",2735,0.180776634989074,139.461410522461,"La bicicleta de color groc",NA,"",NA,NA,NA,34,"Catalan","target",28,"filler","male",18,"Catalan, Spanish"
"274","C34_T_28_F",2745,0.202916351740494,137.24089050293,"La bicicleta de color groc",NA,"",NA,NA,NA,34,"Catalan","target",28,"filler","male",18,"Catalan, Spanish"
"275","C34_T_28_F",2755,0.222485240116203,138.678894042969,"La bicicleta de color groc",NA,"",NA,NA,NA,34,"Catalan","target",28,"filler","male",18,"Catalan, Spanish"
"276","C34_T_28_F",2765,0.237879057752458,136.795166015625,"La bicicleta de color groc",NA,"",NA,NA,NA,34,"Catalan","target",28,"filler","male",18,"Catalan, Spanish"
"277","C34_T_28_F",2775,0.248042390030127,135.059875488281,"La bicicleta de color groc",NA,"",NA,NA,NA,34,"Catalan","target",28,"filler","male",18,"Catalan, Spanish"
"278","C34_T_28_F",2785,0.252473558854367,136.225967407227,"La bicicleta de color groc",NA,"",NA,NA,NA,34,"Catalan","target",28,"filler","male",18,"Catalan, Spanish"
"279","C34_T_28_F",2795,0.251284046927798,133.281234741211,"La bicicleta de color groc","N","",NA,NA,NA,34,"Catalan","target",28,"filler","male",18,"Catalan, Spanish"
"280","C34_T_28_F",2805,0.245128377349715,132.691375732422,"La bicicleta de color groc","N","",NA,NA,NA,34,"Catalan","target",28,"filler","male",18,"Catalan, Spanish"
"281","C34_T_28_F",2815,0.235030042637259,131.629318237305,"La bicicleta de color groc","N","",NA,NA,NA,34,"Catalan","target",28,"filler","male",18,"Catalan, Spanish"
"282","C34_T_28_F",2825,0.22219175010777,130.705474853516,"La bicicleta de color groc","N","",NA,NA,NA,34,"Catalan","target",28,"filler","male",18,"Catalan, Spanish"
"283","C34_T_28_F",2835,0.207479258012508,127.475692749023,"La bicicleta de color groc","N","",NA,NA,NA,34,"Catalan","target",28,"filler","male",18,"Catalan, Spanish"
"284","C34_T_28_F",2845,0.191275620537109,126.732986450195,"La bicicleta de color groc","N","",NA,NA,NA,34,"Catalan","target",28,"filler","male",18,"Catalan, Spanish"
"285","C34_T_28_F",2855,0.17398462642911,127.711585998535,"La bicicleta de color groc","N","",NA,NA,NA,34,"Catalan","target",28,"filler","male",18,"Catalan, Spanish"
"286","C34_T_28_F",2865,0.156195693732699,127.808288574219,"La bicicleta de color groc","N","",NA,NA,NA,34,"Catalan","target",28,"filler","male",18,"Catalan, Spanish"
"287","C34_T_28_F",2875,0.138585356461543,130.921371459961,"La bicicleta de color groc","N","",NA,NA,NA,34,"Catalan","target",28,"filler","male",18,"Catalan, Spanish"
"288","C34_T_28_F",2885,0.121873322313324,131.331924438477,"La bicicleta de color groc","N","",NA,NA,NA,34,"Catalan","target",28,"filler","male",18,"Catalan, Spanish"
"289","C34_T_28_F",2895,0.106563789932539,123.4375,"La bicicleta de color groc","N","",NA,NA,NA,34,"Catalan","target",28,"filler","male",18,"Catalan, Spanish"
"290","C34_T_28_F",2905,0.0928717884399912,114.873123168945,"La bicicleta de color groc","N","",NA,NA,NA,34,"Catalan","target",28,"filler","male",18,"Catalan, Spanish"
"291","C34_T_28_F",2915,0.0811849598086767,0,"La bicicleta de color groc","N","",NA,NA,NA,34,"Catalan","target",28,"filler","male",18,"Catalan, Spanish"
"292","C34_T_28_F",2925,0.0720731169651682,0,"La bicicleta de color groc","N","",NA,NA,NA,34,"Catalan","target",28,"filler","male",18,"Catalan, Spanish"
"293","C34_T_28_F",2935,0.0659781828970072,0,"La bicicleta de color groc","N","",NA,"1","pre",34,"Catalan","target",28,"filler","male",18,"Catalan, Spanish"
"294","C34_T_28_F",2945,0.0631535653873763,0,"La bicicleta de color groc","N","",NA,"1","pre",34,"Catalan","target",28,"filler","male",18,"Catalan, Spanish"
"295","C34_T_28_F",2955,0.0636108982844614,0,"La bicicleta de color groc","N","",NA,"1","pre",34,"Catalan","target",28,"filler","male",18,"Catalan, Spanish"
"296","C34_T_28_F",2965,0.0669972166335953,0,"La bicicleta de color groc","N","",NA,"1","pre",34,"Catalan","target",28,"filler","male",18,"Catalan, Spanish"
"297","C34_T_28_F",2975,0.072527420533422,0,"La bicicleta de color groc","N","",NA,"1","pre",34,"Catalan","target",28,"filler","male",18,"Catalan, Spanish"
"298","C34_T_28_F",2985,0.0791136355495863,0,"La bicicleta de color groc","N","",NA,"1","pre",34,"Catalan","target",28,"filler","male",18,"Catalan, Spanish"
"299","C34_T_28_F",2995,0.0855270919019677,0,"La bicicleta de color groc","N","",NA,"1","pre",34,"Catalan","target",28,"filler","male",18,"Catalan, Spanish"
"300","C34_T_28_F",3005,0.0906488472270394,144.618942260742,"La bicicleta de color groc","N","",NA,"1","pre",34,"Catalan","target",28,"filler","male",18,"Catalan, Spanish"
"301","C34_T_28_F",3015,0.0937917102862032,131.953506469727,"La bicicleta de color groc","N","",NA,"1","pre",34,"Catalan","target",28,"filler","male",18,"Catalan, Spanish"
"302","C34_T_28_F",3025,0.0948949572458506,126.600830078125,"La bicicleta de color groc","N","",NA,"1","pre",34,"Catalan","target",28,"filler","male",18,"Catalan, Spanish"
"303","C34_T_28_F",3035,0.0944915541551144,118.813957214355,"La bicicleta de color groc","N","","2","2","cle",34,"Catalan","target",28,"filler","male",18,"Catalan, Spanish"
"304","C34_T_28_F",3045,0.0935189035572441,118.643798828125,"La bicicleta de color groc","N","","2","2","cle",34,"Catalan","target",28,"filler","male",18,"Catalan, Spanish"
"305","C34_T_28_F",3055,0.0932545298692831,121.414031982422,"La bicicleta de color groc","N","","2","2","cle",34,"Catalan","target",28,"filler","male",18,"Catalan, Spanish"
"306","C34_T_28_F",3065,0.0952066387255814,0,"La bicicleta de color groc","N","","2","2","cle",34,"Catalan","target",28,"filler","male",18,"Catalan, Spanish"
"307","C34_T_28_F",3075,0.100781232942591,0,"La bicicleta de color groc","N","","2","2","cle",34,"Catalan","target",28,"filler","male",18,"Catalan, Spanish"
"308","C34_T_28_F",3085,0.111046094958071,0,"La bicicleta de color groc","N","","2","2","cle",34,"Catalan","target",28,"filler","male",18,"Catalan, Spanish"
"309","C34_T_28_F",3095,0.126413656760379,0,"La bicicleta de color groc","N","","2","2","cle",34,"Catalan","target",28,"filler","male",18,"Catalan, Spanish"
"310","C34_T_28_F",3105,0.146125690960087,135.924240112305,"La bicicleta de color groc","N","","2","2","cle",34,"Catalan","target",28,"filler","male",18,"Catalan, Spanish"
"311","C34_T_28_F",3115,0.168116420910987,128.269332885742,"La bicicleta de color groc","N","","2","2","cle",34,"Catalan","target",28,"filler","male",18,"Catalan, Spanish"
"312","C34_T_28_F",3125,0.189629831590065,126.935852050781,"La bicicleta de color groc","N","","2","2","cle",34,"Catalan","target",28,"filler","male",18,"Catalan, Spanish"
"313","C34_T_28_F",3135,0.207935736310802,126.276664733887,"La bicicleta de color groc","N","","2","2","cle",34,"Catalan","target",28,"filler","male",18,"Catalan, Spanish"
"314","C34_T_28_F",3145,0.220742308016613,122.984230041504,"La bicicleta de color groc","N","","2","2","cle",34,"Catalan","target",28,"filler","male",18,"Catalan, Spanish"
"315","C34_T_28_F",3155,0.226411482751958,122.236206054688,"La bicicleta de color groc","N","","2","2","cle",34,"Catalan","target",28,"filler","male",18,"Catalan, Spanish"
"316","C34_T_28_F",3165,0.224088470675178,120.143295288086,"La bicicleta de color groc","N","","2","2","cle",34,"Catalan","target",28,"filler","male",18,"Catalan, Spanish"
"317","C34_T_28_F",3175,0.213852473292373,119.45777130127,"La bicicleta de color groc","N","","2","2","cle",34,"Catalan","target",28,"filler","male",18,"Catalan, Spanish"
"318","C34_T_28_F",3185,0.196700764913148,118.533760070801,"La bicicleta de color groc","N","","2","2","cle",34,"Catalan","target",28,"filler","male",18,"Catalan, Spanish"
"319","C34_T_28_F",3195,0.174520748276399,116.171913146973,"La bicicleta de color groc","N","","","3","post",34,"Catalan","target",28,"filler","male",18,"Catalan, Spanish"
"320","C34_T_28_F",3205,0.150038822699993,0,"La bicicleta de color groc","N","","","3","post",34,"Catalan","target",28,"filler","male",18,"Catalan, Spanish"
"321","C34_T_28_F",3215,0.126470998823457,0,"La bicicleta de color groc","N","","","3","post",34,"Catalan","target",28,"filler","male",18,"Catalan, Spanish"
"322","C34_T_28_F",3225,0.106842614625167,0,"La bicicleta de color groc","N","","","3","post",34,"Catalan","target",28,"filler","male",18,"Catalan, Spanish"
"323","C34_T_28_F",3235,0.09338755105253,0,"La bicicleta de color groc","N","","","3","post",34,"Catalan","target",28,"filler","male",18,"Catalan, Spanish"
"324","C34_T_28_F",3245,0.0874384554024037,0,"La bicicleta de color groc","N","","","3","post",34,"Catalan","target",28,"filler","male",18,"Catalan, Spanish"
"325","C34_T_28_F",3255,0.0893239540416773,0,"La bicicleta de color groc","N","","","3","post",34,"Catalan","target",28,"filler","male",18,"Catalan, Spanish"
"326","C34_T_28_F",3265,0.0982926338678067,0,"La bicicleta de color groc","N","","","3","post",34,"Catalan","target",28,"filler","male",18,"Catalan, Spanish"
"327","C34_T_28_F",3275,0.112776498113693,0,"La bicicleta de color groc","N","","","3","post",34,"Catalan","target",28,"filler","male",18,"Catalan, Spanish"
"328","C34_T_28_F",3285,0.130645558413863,148.736862182617,"La bicicleta de color groc","N","","","3","post",34,"Catalan","target",28,"filler","male",18,"Catalan, Spanish"
"329","C34_T_28_F",3295,0.149599884729958,129.492889404297,"La bicicleta de color groc","N","","","3","post",34,"Catalan","target",28,"filler","male",18,"Catalan, Spanish"
"330","C34_T_28_F",3305,0.167684042848715,125.373268127441,"La bicicleta de color groc","N","","","3","post",34,"Catalan","target",28,"filler","male",18,"Catalan, Spanish"
"331","C34_T_28_F",3315,0.183389180482269,122.538848876953,"La bicicleta de color groc","N","","","3","post",34,"Catalan","target",28,"filler","male",18,"Catalan, Spanish"
"332","C34_T_28_F",3325,0.19554097719829,122.137405395508,"La bicicleta de color groc","N","","","3","post",34,"Catalan","target",28,"filler","male",18,"Catalan, Spanish"
"333","C34_T_28_F",3335,0.203397844510853,121.692283630371,"La bicicleta de color groc","N","","","3","post",34,"Catalan","target",28,"filler","male",18,"Catalan, Spanish"
"334","C34_T_28_F",3345,0.206728056313356,120.637115478516,"La bicicleta de color groc","N","","","3","post",34,"Catalan","target",28,"filler","male",18,"Catalan, Spanish"
"335","C34_T_28_F",3355,0.205777639913062,120.929229736328,"La bicicleta de color groc","N","","","3","post",34,"Catalan","target",28,"filler","male",18,"Catalan, Spanish"
"336","C34_T_28_F",3365,0.201210356569863,119.755500793457,"La bicicleta de color groc","N","","","3","post",34,"Catalan","target",28,"filler","male",18,"Catalan, Spanish"
"337","C34_T_28_F",3375,0.193879930916847,118.49169921875,"La bicicleta de color groc","N","","","3","post",34,"Catalan","target",28,"filler","male",18,"Catalan, Spanish"
"338","C34_T_28_F",3385,0.184644332864639,116.919891357422,"La bicicleta de color groc","N","","","3","post",34,"Catalan","target",28,"filler","male",18,"Catalan, Spanish"
"339","C34_T_28_F",3395,0.174215341154906,115.822257995605,"La bicicleta de color groc","N","","","3","post",34,"Catalan","target",28,"filler","male",18,"Catalan, Spanish"
"340","C34_T_28_F",3405,0.162957779272804,115.806533813477,"La bicicleta de color groc","N","","","3","post",34,"Catalan","target",28,"filler","male",18,"Catalan, Spanish"
"341","C34_T_28_F",3415,0.150863954593468,114.106292724609,"La bicicleta de color groc","N","","","3","post",34,"Catalan","target",28,"filler","male",18,"Catalan, Spanish"
"342","C34_T_28_F",3425,0.137830442765766,115.703018188477,"La bicicleta de color groc","","","","4","",34,"Catalan","target",28,"filler","male",18,"Catalan, Spanish"
"343","C34_T_28_F",3435,0.124023012058977,115.564025878906,"La bicicleta de color groc","","","","4","",34,"Catalan","target",28,"filler","male",18,"Catalan, Spanish"
"344","C34_T_28_F",3445,0.109923335047036,114.057426452637,"La bicicleta de color groc","","","","4","",34,"Catalan","target",28,"filler","male",18,"Catalan, Spanish"
"345","C34_T_28_F",3455,0.0960637970110388,110.777755737305,"La bicicleta de color groc","","","","4","",34,"Catalan","target",28,"filler","male",18,"Catalan, Spanish"
"346","C34_T_28_F",3465,0.0828888389097485,107.98413848877,"La bicicleta de color groc","","","","4","",34,"Catalan","target",28,"filler","male",18,"Catalan, Spanish"
"347","C34_T_28_F",3475,0.0709043838337315,0,"La bicicleta de color groc","","","","4","",34,"Catalan","target",28,"filler","male",18,"Catalan, Spanish"
"348","C34_T_28_F",3485,0.0608494583670156,0,"La bicicleta de color groc","NC","","","4","",34,"Catalan","target",28,"filler","male",18,"Catalan, Spanish"
"349","C34_T_28_F",3495,0.0536364427844576,0,"La bicicleta de color groc","NC","","","4","",34,"Catalan","target",28,"filler","male",18,"Catalan, Spanish"
"350","C34_T_28_F",3505,0.0501036412856359,0,"La bicicleta de color groc","NC","","","4","",34,"Catalan","target",28,"filler","male",18,"Catalan, Spanish"
"351","C34_T_28_F",3515,0.0507851938979996,0,"La bicicleta de color groc","NC","","","4","",34,"Catalan","target",28,"filler","male",18,"Catalan, Spanish"
"352","C34_T_28_F",3525,0.055779465734535,0,"La bicicleta de color groc","NC","","","4","",34,"Catalan","target",28,"filler","male",18,"Catalan, Spanish"
"353","C34_T_28_F",3535,0.064790698197569,0,"La bicicleta de color groc","NC","","","4","",34,"Catalan","target",28,"filler","male",18,"Catalan, Spanish"
"354","C34_T_28_F",3545,0.077199914441496,0,"La bicicleta de color groc","NC","","2","5","lo_pre",34,"Catalan","target",28,"filler","male",18,"Catalan, Spanish"
"355","C34_T_28_F",3555,0.0921258975044621,0,"La bicicleta de color groc","NC","","2","5","lo_pre",34,"Catalan","target",28,"filler","male",18,"Catalan, Spanish"
"356","C34_T_28_F",3565,0.108672271076904,0,"La bicicleta de color groc","NC","","2","5","lo_pre",34,"Catalan","target",28,"filler","male",18,"Catalan, Spanish"
"357","C34_T_28_F",3575,0.126181946310416,136.093688964844,"La bicicleta de color groc","NC","","2","5","lo_pre",34,"Catalan","target",28,"filler","male",18,"Catalan, Spanish"
"358","C34_T_28_F",3585,0.144097171399056,125.647941589355,"La bicicleta de color groc","NC","","2","5","lo_pre",34,"Catalan","target",28,"filler","male",18,"Catalan, Spanish"
"359","C34_T_28_F",3595,0.161655692672829,122.628852844238,"La bicicleta de color groc","NC","","2","5","lo_pre",34,"Catalan","target",28,"filler","male",18,"Catalan, Spanish"
"360","C34_T_28_F",3605,0.177915150654541,122.061698913574,"La bicicleta de color groc","NC","","2","5","lo_pre",34,"Catalan","target",28,"filler","male",18,"Catalan, Spanish"
"361","C34_T_28_F",3615,0.191942870615863,120.730674743652,"La bicicleta de color groc","NC","","2","5","lo_pre",34,"Catalan","target",28,"filler","male",18,"Catalan, Spanish"
"362","C34_T_28_F",3625,0.202925268967151,119.660652160645,"La bicicleta de color groc","NC","","2","5","lo_pre",34,"Catalan","target",28,"filler","male",18,"Catalan, Spanish"
"363","C34_T_28_F",3635,0.210228605118039,118.897720336914,"La bicicleta de color groc","NC","","2","5","lo_pre",34,"Catalan","target",28,"filler","male",18,"Catalan, Spanish"
"364","C34_T_28_F",3645,0.213382762396369,120.525413513184,"La bicicleta de color groc","NC","","2","5","lo_pre",34,"Catalan","target",28,"filler","male",18,"Catalan, Spanish"
"365","C34_T_28_F",3655,0.212338244086377,120.848136901855,"La bicicleta de color groc","NC","","2","5","lo_pre",34,"Catalan","target",28,"filler","male",18,"Catalan, Spanish"
"366","C34_T_28_F",3665,0.207678040327332,118.335594177246,"La bicicleta de color groc","NC","","2","5","lo_pre",34,"Catalan","target",28,"filler","male",18,"Catalan, Spanish"
"367","C34_T_28_F",3675,0.200370221082443,115.394729614258,"La bicicleta de color groc","NC","","2","5","lo_pre",34,"Catalan","target",28,"filler","male",18,"Catalan, Spanish"
"368","C34_T_28_F",3685,0.191297518689335,114.158302307129,"La bicicleta de color groc","A","","2","6","groc",34,"Catalan","target",28,"filler","male",18,"Catalan, Spanish"
"369","C34_T_28_F",3695,0.180982936048137,110.992553710938,"La bicicleta de color groc","A","","2","6","groc",34,"Catalan","target",28,"filler","male",18,"Catalan, Spanish"
"370","C34_T_28_F",3705,0.169891230541836,109.067672729492,"La bicicleta de color groc","A","","2","6","groc",34,"Catalan","target",28,"filler","male",18,"Catalan, Spanish"
"371","C34_T_28_F",3715,0.158817759328821,107.838661193848,"La bicicleta de color groc","A","","2","6","groc",34,"Catalan","target",28,"filler","male",18,"Catalan, Spanish"
"372","C34_T_28_F",3725,0.148755344785403,111.344688415527,"La bicicleta de color groc","A","","2","6","groc",34,"Catalan","target",28,"filler","male",18,"Catalan, Spanish"
"373","C34_T_28_F",3735,0.140555607740371,111.180274963379,"La bicicleta de color groc","A","","2","6","groc",34,"Catalan","target",28,"filler","male",18,"Catalan, Spanish"
"374","C34_T_28_F",3745,0.134797689446539,113.842430114746,"La bicicleta de color groc","A","","2","6","groc",34,"Catalan","target",28,"filler","male",18,"Catalan, Spanish"
"375","C34_T_28_F",3755,0.131657046262676,114.710762023926,"La bicicleta de color groc","A","","2","6","groc",34,"Catalan","target",28,"filler","male",18,"Catalan, Spanish"
"376","C34_T_28_F",3765,0.130709768117908,114.508369445801,"La bicicleta de color groc","A","","2","6","groc",34,"Catalan","target",28,"filler","male",18,"Catalan, Spanish"
"377","C34_T_28_F",3775,0.130973013406697,109.22868347168,"La bicicleta de color groc","A","","2","6","groc",34,"Catalan","target",28,"filler","male",18,"Catalan, Spanish"
"378","C34_T_28_F",3785,0.13127255174789,110.024261474609,"La bicicleta de color groc","A","","2","6","groc",34,"Catalan","target",28,"filler","male",18,"Catalan, Spanish"
"379","C34_T_28_F",3795,0.13063698436805,110.655158996582,"La bicicleta de color groc","A","","2","6","groc",34,"Catalan","target",28,"filler","male",18,"Catalan, Spanish"
"380","C34_T_28_F",3805,0.128419936120366,112.270561218262,"La bicicleta de color groc","A","","2","6","groc",34,"Catalan","target",28,"filler","male",18,"Catalan, Spanish"
"381","C34_T_28_F",3815,0.124252306219187,109.095375061035,"La bicicleta de color groc","A","","2","6","groc",34,"Catalan","target",28,"filler","male",18,"Catalan, Spanish"
"382","C34_T_28_F",3825,0.11801082715692,106.615333557129,"La bicicleta de color groc","A","","2","6","groc",34,"Catalan","target",28,"filler","male",18,"Catalan, Spanish"
"383","C34_T_28_F",3835,0.10982457970741,105.500381469727,"La bicicleta de color groc","A","","2","6","groc",34,"Catalan","target",28,"filler","male",18,"Catalan, Spanish"
"384","C34_T_28_F",3845,0.100085913807995,105.319709777832,"La bicicleta de color groc","A","","2","6","groc",34,"Catalan","target",28,"filler","male",18,"Catalan, Spanish"
"385","C34_T_28_F",3855,0.0893115026637299,103.26929473877,"La bicicleta de color groc","A","","2","6","groc",34,"Catalan","target",28,"filler","male",18,"Catalan, Spanish"
"386","C34_T_28_F",3865,0.0779833516697833,100.307144165039,"La bicicleta de color groc","A","","2","6","groc",34,"Catalan","target",28,"filler","male",18,"Catalan, Spanish"
"387","C34_T_28_F",3875,0.0664819529452617,96.5787124633789,"La bicicleta de color groc","A","","2","6","groc",34,"Catalan","target",28,"filler","male",18,"Catalan, Spanish"
"388","C34_T_28_F",3885,0.0552083175449684,0,NA,NA,"",NA,NA,NA,34,"Catalan","target",28,"filler","male",18,"Catalan, Spanish"
"389","C34_T_28_F",3895,0.0447631932939133,0,NA,NA,"",NA,NA,NA,34,"Catalan","target",28,"filler","male",18,"Catalan, Spanish"
"390","C34_T_28_F",3905,0.0357355854961914,0,NA,NA,"",NA,NA,NA,34,"Catalan","target",28,"filler","male",18,"Catalan, Spanish"
"391","C34_T_28_F",3915,0.0283694615832108,0,NA,NA,"",NA,NA,NA,34,"Catalan","target",28,"filler","male",18,"Catalan, Spanish"
"392","C34_T_28_F",3925,0.022624949580051,0,NA,NA,"",NA,NA,NA,34,"Catalan","target",28,"filler","male",18,"Catalan, Spanish"
"393","C34_T_28_F",3935,0.0183457623297085,0,NA,NA,"",NA,NA,NA,34,"Catalan","target",28,"filler","male",18,"Catalan, Spanish"
"394","C34_T_28_F",3945,0.0152879315590679,0,NA,NA,"",NA,NA,NA,34,"Catalan","target",28,"filler","male",18,"Catalan, Spanish"
"395","C34_T_28_F",3955,0.013212572223777,0,NA,NA,"",NA,NA,NA,34,"Catalan","target",28,"filler","male",18,"Catalan, Spanish"
"396","C34_T_28_F",3965,0.0119413042536171,0,NA,NA,"",NA,NA,NA,34,"Catalan","target",28,"filler","male",18,"Catalan, Spanish"
"397","C34_T_28_F",3975,0.0113378217814679,0,NA,NA,"",NA,NA,NA,34,"Catalan","target",28,"filler","male",18,"Catalan, Spanish"
"398","C34_T_28_F",3985,0.0113107342837848,0,NA,NA,"",NA,NA,NA,34,"Catalan","target",28,"filler","male",18,"Catalan, Spanish"
"399","C34_T_28_F",3995,0.0117845864439264,0,NA,NA,"",NA,NA,NA,34,"Catalan","target",28,"filler","male",18,"Catalan, Spanish"
"400","C34_T_28_F",4005,0.0126381728249925,0,NA,NA,"",NA,NA,NA,34,"Catalan","target",28,"filler","male",18,"Catalan, Spanish"
"401","C34_T_28_F",4015,0.013694163261596,0,NA,NA,"",NA,NA,NA,34,"Catalan","target",28,"filler","male",18,"Catalan, Spanish"
"402","C34_T_28_F",4025,0.0147884081583872,0,NA,NA,"",NA,NA,NA,34,"Catalan","target",28,"filler","male",18,"Catalan, Spanish"
"403","C34_T_28_F",4035,0.0157895631118621,0,NA,NA,"",NA,NA,NA,34,"Catalan","target",28,"filler","male",18,"Catalan, Spanish"
"404","C34_T_28_F",4045,0.0165835660734457,0,NA,NA,"",NA,NA,NA,34,"Catalan","target",28,"filler","male",18,"Catalan, Spanish"
"405","C34_T_28_F",4055,0.0170896201144904,115.114685058594,NA,NA,"",NA,NA,NA,34,"Catalan","target",28,"filler","male",18,"Catalan, Spanish"
"406","C34_T_28_F",4065,0.017314505077998,117.511169433594,NA,NA,"",NA,NA,NA,34,"Catalan","target",28,"filler","male",18,"Catalan, Spanish"
"407","C34_T_28_F",4075,0.0174390836832092,107.236892700195,NA,NA,"",NA,NA,NA,34,"Catalan","target",28,"filler","male",18,"Catalan, Spanish"
"408","C34_T_28_F",4085,0.017797942449404,0,NA,NA,"",NA,NA,NA,34,"Catalan","target",28,"filler","male",18,"Catalan, Spanish"
"409","C34_T_28_F",4095,0.0187156053162188,0,NA,NA,"",NA,NA,NA,34,"Catalan","target",28,"filler","male",18,"Catalan, Spanish"
"410","C34_T_28_F",4105,0.0204005129621833,0,NA,NA,"",NA,NA,NA,34,"Catalan","target",28,"filler","male",18,"Catalan, Spanish"
"411","C34_T_28_F",4115,0.0229612791929858,0,NA,NA,"",NA,NA,NA,34,"Catalan","target",28,"filler","male",18,"Catalan, Spanish"
"412","C34_T_28_F",4125,0.0264277191224433,0,NA,NA,"",NA,NA,NA,34,"Catalan","target",28,"filler","male",18,"Catalan, Spanish"
"413","C34_T_28_F",4135,0.030740229850618,0,NA,NA,"",NA,NA,NA,34,"Catalan","target",28,"filler","male",18,"Catalan, Spanish"
"414","C34_T_28_F",4145,0.0357332998201928,0,NA,NA,"",NA,NA,NA,34,"Catalan","target",28,"filler","male",18,"Catalan, Spanish"
"415","C34_T_28_F",4155,0.0411417463071318,0,NA,NA,"",NA,NA,NA,34,"Catalan","target",28,"filler","male",18,"Catalan, Spanish"
"416","C34_T_28_F",4165,0.04662233379202,0,NA,NA,"",NA,NA,NA,34,"Catalan","target",28,"filler","male",18,"Catalan, Spanish"
"417","C34_T_28_F",4175,0.0517711368414225,121.750694274902,NA,NA,"",NA,NA,NA,34,"Catalan","target",28,"filler","male",18,"Catalan, Spanish"
"418","C34_T_28_F",4185,0.0561644360127038,113.992530822754,NA,NA,"",NA,NA,NA,34,"Catalan","target",28,"filler","male",18,"Catalan, Spanish"
"419","C34_T_28_F",4195,0.059423678883926,110.564315795898,NA,NA,"",NA,NA,NA,34,"Catalan","target",28,"filler","male",18,"Catalan, Spanish"
"420","C34_T_28_F",4205,0.0612732106673842,112.271125793457,NA,NA,"",NA,NA,NA,34,"Catalan","target",28,"filler","male",18,"Catalan, Spanish"
"421","C34_T_28_F",4215,0.0615730335608793,108.81706237793,NA,NA,"",NA,NA,NA,34,"Catalan","target",28,"filler","male",18,"Catalan, Spanish"
"422","C34_T_28_F",4225,0.0603120118054448,108.219818115234,NA,NA,"",NA,NA,NA,34,"Catalan","target",28,"filler","male",18,"Catalan, Spanish"
"423","C34_T_28_F",4235,0.0576086012223549,105.358947753906,NA,NA,"",NA,NA,NA,34,"Catalan","target",28,"filler","male",18,"Catalan, Spanish"
"424","C34_T_28_F",4245,0.0537168834498818,103.286193847656,NA,NA,"",NA,NA,NA,34,"Catalan","target",28,"filler","male",18,"Catalan, Spanish"
"425","C34_T_28_F",4255,0.0490027082689703,102.417976379395,NA,NA,"",NA,NA,NA,34,"Catalan","target",28,"filler","male",18,"Catalan, Spanish"
"426","C34_T_28_F",4265,0.043857653681821,102.174980163574,NA,NA,"",NA,NA,NA,34,"Catalan","target",28,"filler","male",18,"Catalan, Spanish"
"427","C34_T_28_F",4275,0.0385706066074502,102.348510742188,NA,NA,"",NA,NA,NA,34,"Catalan","target",28,"filler","male",18,"Catalan, Spanish"
"428","C34_T_28_F",4285,0.0333033106997775,93.933464050293,NA,NA,"",NA,NA,NA,34,"Catalan","target",28,"filler","male",18,"Catalan, Spanish"
"429","C34_T_28_F",4295,0.0282034275320959,0,NA,NA,"",NA,NA,NA,34,"Catalan","target",28,"filler","male",18,"Catalan, Spanish"
"430","C34_T_28_F",4305,0.0234582550499692,0,NA,NA,"",NA,NA,NA,34,"Catalan","target",28,"filler","male",18,"Catalan, Spanish"
"431","C34_T_28_F",4315,0.019238104033817,0,NA,NA,"",NA,NA,NA,34,"Catalan","target",28,"filler","male",18,"Catalan, Spanish"
"432","C34_T_28_F",4325,0.0156524666445928,0,NA,NA,"",NA,NA,NA,34,"Catalan","target",28,"filler","male",18,"Catalan, Spanish"
"433","C34_T_28_F",4335,0.0127421685504035,0,NA,NA,"",NA,NA,NA,34,"Catalan","target",28,"filler","male",18,"Catalan, Spanish"
"434","C34_T_28_F",4345,0.0104926493597513,0,NA,NA,"",NA,NA,NA,34,"Catalan","target",28,"filler","male",18,"Catalan, Spanish"
"435","C34_T_28_F",4355,0.00883892609662591,0,NA,NA,"",NA,NA,NA,34,"Catalan","target",28,"filler","male",18,"Catalan, Spanish"
"436","C34_T_28_F",4365,0.00766773885255626,0,NA,NA,"",NA,NA,NA,34,"Catalan","target",28,"filler","male",18,"Catalan, Spanish"
"437","C34_T_28_F",4375,0.00684517208876996,0,NA,NA,"",NA,NA,NA,34,"Catalan","target",28,"filler","male",18,"Catalan, Spanish"
"438","C34_T_28_F",4385,0.00625049926041499,0,NA,NA,"",NA,NA,NA,34,"Catalan","target",28,"filler","male",18,"Catalan, Spanish"
"439","C34_T_28_F",4395,0.00579354610949945,0,NA,NA,"",NA,NA,NA,34,"Catalan","target",28,"filler","male",18,"Catalan, Spanish"
"440","C34_T_28_F",4405,0.00541470339716567,0,NA,NA,"",NA,NA,NA,34,"Catalan","target",28,"filler","male",18,"Catalan, Spanish"
"441","C34_T_28_F",4415,0.00507132247964393,0,NA,NA,"",NA,NA,NA,34,"Catalan","target",28,"filler","male",18,"Catalan, Spanish"
"442","C34_T_28_F",4425,0.00473867064866241,0,NA,NA,"",NA,NA,NA,34,"Catalan","target",28,"filler","male",18,"Catalan, Spanish"
"443","C34_T_28_F",4435,0.00441786313933777,0,NA,NA,"",NA,NA,NA,34,"Catalan","target",28,"filler","male",18,"Catalan, Spanish"
"444","C34_T_28_F",4445,0.00412289273790733,0,NA,NA,"",NA,NA,NA,34,"Catalan","target",28,"filler","male",18,"Catalan, Spanish"
"445","C34_T_28_F",4455,0.003865029026573,0,NA,NA,"",NA,NA,NA,34,"Catalan","target",28,"filler","male",18,"Catalan, Spanish"
"446","C34_T_28_F",4465,0.00364767618006479,0,NA,NA,"",NA,NA,NA,34,"Catalan","target",28,"filler","male",18,"Catalan, Spanish"
"447","C34_T_28_F",4475,0.00347091777774856,0,NA,NA,"",NA,NA,NA,34,"Catalan","target",28,"filler","male",18,"Catalan, Spanish"
"448","C34_T_28_F",4485,0.00333319321013538,0,NA,NA,"",NA,NA,NA,34,"Catalan","target",28,"filler","male",18,"Catalan, Spanish"
"449","C34_T_28_F",4495,0.00323628221843583,0,NA,NA,"",NA,NA,NA,34,"Catalan","target",28,"filler","male",18,"Catalan, Spanish"
"450","C34_T_28_F",4505,0.00318431502004538,0,NA,NA,"",NA,NA,NA,34,"Catalan","target",28,"filler","male",18,"Catalan, Spanish"
"451","C34_T_28_F",4515,0.00317722798971605,0,NA,NA,"",NA,NA,NA,34,"Catalan","target",28,"filler","male",18,"Catalan, Spanish"
"452","C34_T_28_F",4525,0.00321002496972774,0,NA,NA,"",NA,NA,NA,34,"Catalan","target",28,"filler","male",18,"Catalan, Spanish"
"453","C34_T_28_F",4535,0.0032722318633806,0,NA,NA,"",NA,NA,NA,34,"Catalan","target",28,"filler","male",18,"Catalan, Spanish"
"454","C34_T_28_F",4545,0.00335437557434575,0,NA,NA,"",NA,NA,NA,34,"Catalan","target",28,"filler","male",18,"Catalan, Spanish"
"455","C34_T_28_F",4555,0.0034473820598609,0,NA,NA,"",NA,NA,NA,34,"Catalan","target",28,"filler","male",18,"Catalan, Spanish"
"456","C34_T_28_F",4565,0.00353970435907271,0,NA,NA,"",NA,NA,NA,34,"Catalan","target",28,"filler","male",18,"Catalan, Spanish"
"457","C34_T_28_F",4575,0.00362085808612433,0,NA,NA,"",NA,NA,NA,34,"Catalan","target",28,"filler","male",18,"Catalan, Spanish"
"458","C34_T_28_F",4585,0.00368136026681437,0,NA,NA,"",NA,NA,NA,34,"Catalan","target",28,"filler","male",18,"Catalan, Spanish"
"459","C34_T_28_F",4595,0.00371235257657417,0,NA,NA,"",NA,NA,NA,34,"Catalan","target",28,"filler","male",18,"Catalan, Spanish"
"460","C34_T_28_F",4605,0.00370752583091236,0,NA,NA,"",NA,NA,NA,34,"Catalan","target",28,"filler","male",18,"Catalan, Spanish"
"461","C34_T_28_F",4615,0.00366761144410831,0,NA,NA,"",NA,NA,NA,34,"Catalan","target",28,"filler","male",18,"Catalan, Spanish"
"462","C34_T_28_F",4625,0.00359953386530321,0,NA,NA,"",NA,NA,NA,34,"Catalan","target",28,"filler","male",18,"Catalan, Spanish"
"463","C34_T_28_F",4635,0.0035119345005979,0,NA,NA,"",NA,NA,NA,34,"Catalan","target",28,"filler","male",18,"Catalan, Spanish"
"464","C34_T_28_F",4645,0.00341502177967692,0,NA,NA,"",NA,NA,NA,34,"Catalan","target",28,"filler","male",18,"Catalan, Spanish"
"465","C34_T_28_F",4655,0.00332064394416679,0,NA,NA,"",NA,NA,NA,34,"Catalan","target",28,"filler","male",18,"Catalan, Spanish"
"466","C34_T_28_F",4665,0.00323993096724143,0,NA,NA,"",NA,NA,NA,34,"Catalan","target",28,"filler","male",18,"Catalan, Spanish"
"467","C34_T_28_F",4675,0.00317987275038363,0,NA,NA,"",NA,NA,NA,34,"Catalan","target",28,"filler","male",18,"Catalan, Spanish"
"468","C34_T_28_F",4685,0.0031462401846731,0,NA,NA,"",NA,NA,NA,34,"Catalan","target",28,"filler","male",18,"Catalan, Spanish"
"469","C34_T_28_F",4695,0.00314220150151941,0,NA,NA,"",NA,NA,NA,34,"Catalan","target",28,"filler","male",18,"Catalan, Spanish"
"470","C34_T_28_F",4705,0.00316538877216904,0,NA,NA,"",NA,NA,NA,34,"Catalan","target",28,"filler","male",18,"Catalan, Spanish"
"471","C34_T_28_F",4715,0.00321225010501266,0,NA,NA,"",NA,NA,NA,34,"Catalan","target",28,"filler","male",18,"Catalan, Spanish"
"472","C34_T_28_F",4725,0.00327616243330823,0,NA,NA,"",NA,NA,NA,34,"Catalan","target",28,"filler","male",18,"Catalan, Spanish"
"473","C34_T_28_F",4735,0.00334842682529317,0,NA,NA,"",NA,NA,NA,34,"Catalan","target",28,"filler","male",18,"Catalan, Spanish"
"474","C34_T_28_F",4745,0.00342197384340107,0,NA,NA,"",NA,NA,NA,34,"Catalan","target",28,"filler","male",18,"Catalan, Spanish"
"475","C34_T_28_F",4755,0.0034922624782672,0,NA,NA,"",NA,NA,NA,34,"Catalan","target",28,"filler","male",18,"Catalan, Spanish"
"476","C34_T_28_F",4765,0.00355567500428995,0,NA,NA,"",NA,NA,NA,34,"Catalan","target",28,"filler","male",18,"Catalan, Spanish"
"477","C34_T_28_F",4775,0.00360877147454055,0,NA,NA,"",NA,NA,NA,34,"Catalan","target",28,"filler","male",18,"Catalan, Spanish"
"478","C34_T_28_F",4785,0.00365193506009479,0,NA,NA,"",NA,NA,NA,34,"Catalan","target",28,"filler","male",18,"Catalan, Spanish"
"479","C34_T_28_F",4795,0.00369070426710559,0,NA,NA,"",NA,NA,NA,34,"Catalan","target",28,"filler","male",18,"Catalan, Spanish"
"480","C34_T_28_F",4805,0.00373377849781663,0,NA,NA,"",NA,NA,NA,34,"Catalan","target",28,"filler","male",18,"Catalan, Spanish"
"481","C34_T_28_F",4815,0.00378550033909506,0,NA,NA,"",NA,NA,NA,34,"Catalan","target",28,"filler","male",18,"Catalan, Spanish"
"482","C34_T_28_F",4825,0.00384658124189834,0,NA,NA,"",NA,NA,NA,34,"Catalan","target",28,"filler","male",18,"Catalan, Spanish"
"483","C34_T_28_F",4835,0.00391904640830007,0,NA,NA,"",NA,NA,NA,34,"Catalan","target",28,"filler","male",18,"Catalan, Spanish"
"484","C34_T_28_F",4845,0.00400234008542067,0,NA,NA,"",NA,NA,NA,34,"Catalan","target",28,"filler","male",18,"Catalan, Spanish"
"485","C34_T_28_F",4855,0.0040918507857362,0,NA,NA,"",NA,NA,NA,34,"Catalan","target",28,"filler","male",18,"Catalan, Spanish"
"486","C34_T_28_F",4865,0.00418182460968472,0,NA,NA,"",NA,NA,NA,34,"Catalan","target",28,"filler","male",18,"Catalan, Spanish"
"487","C34_T_28_F",4875,0.00426899211181059,0,NA,NA,"",NA,NA,NA,34,"Catalan","target",28,"filler","male",18,"Catalan, Spanish"
"488","C34_T_28_F",4885,0.00435269210390921,0,NA,NA,"",NA,NA,NA,34,"Catalan","target",28,"filler","male",18,"Catalan, Spanish"
"489","C34_T_28_F",4895,0.00443080728686279,0,NA,NA,"",NA,NA,NA,34,"Catalan","target",28,"filler","male",18,"Catalan, Spanish"
"490","C34_T_28_F",4905,0.00450049125892494,0,NA,NA,"",NA,NA,NA,34,"Catalan","target",28,"filler","male",18,"Catalan, Spanish"
"491","C34_T_28_F",4915,0.0045591644336523,0,NA,NA,"",NA,NA,NA,34,"Catalan","target",28,"filler","male",18,"Catalan, Spanish"
"492","C34_T_28_F",4925,0.00460635786738941,0,NA,NA,"",NA,NA,NA,34,"Catalan","target",28,"filler","male",18,"Catalan, Spanish"
"493","C34_T_28_F",4935,0.00464442150464234,0,NA,NA,"",NA,NA,NA,34,"Catalan","target",28,"filler","male",18,"Catalan, Spanish"
"494","C34_T_28_F",4945,0.00467559980545892,0,NA,NA,"",NA,NA,NA,34,"Catalan","target",28,"filler","male",18,"Catalan, Spanish"
"495","C34_T_28_F",4955,0.00470157411019466,0,NA,NA,"",NA,NA,NA,34,"Catalan","target",28,"filler","male",18,"Catalan, Spanish"
"496","C34_T_28_F",4965,0.00472583623583994,0,NA,NA,"",NA,NA,NA,34,"Catalan","target",28,"filler","male",18,"Catalan, Spanish"
"497","C34_T_28_F",4975,0.00475354930047863,0,NA,NA,"",NA,NA,NA,34,"Catalan","target",28,"filler","male",18,"Catalan, Spanish"
"498","C34_T_28_F",4985,0.00478781431208328,0,NA,NA,"",NA,NA,NA,34,"Catalan","target",28,"filler","male",18,"Catalan, Spanish"
"499","C34_T_28_F",4995,0.00483151432742557,0,NA,NA,"",NA,NA,NA,34,"Catalan","target",28,"filler","male",18,"Catalan, Spanish"
"500","C34_T_28_F",5005,0.00488745924123377,0,NA,NA,"",NA,NA,NA,34,"Catalan","target",28,"filler","male",18,"Catalan, Spanish"
"501","C34_T_28_F",5015,0.00495882072888915,0,NA,NA,"",NA,NA,NA,34,"Catalan","target",28,"filler","male",18,"Catalan, Spanish"
"502","C34_T_28_F",5025,0.00504812662678771,0,NA,NA,"",NA,NA,NA,34,"Catalan","target",28,"filler","male",18,"Catalan, Spanish"
"503","C34_T_28_F",5035,0.00515252886513701,0,NA,NA,"",NA,NA,NA,34,"Catalan","target",28,"filler","male",18,"Catalan, Spanish"
"504","C34_T_28_F",5045,0.00526471557304749,0,NA,NA,"",NA,NA,NA,34,"Catalan","target",28,"filler","male",18,"Catalan, Spanish"
"505","C34_T_28_F",5055,0.00537817108344913,0,NA,NA,"",NA,NA,NA,34,"Catalan","target",28,"filler","male",18,"Catalan, Spanish"
"506","C34_T_28_F",5065,0.00548872902458128,0,NA,NA,"",NA,NA,NA,34,"Catalan","target",28,"filler","male",18,"Catalan, Spanish"
"507","C34_T_28_F",5075,0.00559291678167952,0,NA,NA,"",NA,NA,NA,34,"Catalan","target",28,"filler","male",18,"Catalan, Spanish"
"508","C34_T_28_F",5085,0.00568708742293312,0,NA,NA,"",NA,NA,NA,34,"Catalan","target",28,"filler","male",18,"Catalan, Spanish"
"509","C34_T_28_F",5095,0.00576679296049169,0,NA,NA,"",NA,NA,NA,34,"Catalan","target",28,"filler","male",18,"Catalan, Spanish"
"510","C34_T_28_F",5105,0.00582854232001379,0,NA,NA,"",NA,NA,NA,34,"Catalan","target",28,"filler","male",18,"Catalan, Spanish"
"511","C34_T_28_F",5115,0.00586978705648625,0,NA,NA,"",NA,NA,NA,34,"Catalan","target",28,"filler","male",18,"Catalan, Spanish"
"512","C34_T_28_F",5125,0.00588932492848196,0,NA,NA,"",NA,NA,NA,34,"Catalan","target",28,"filler","male",18,"Catalan, Spanish"
"513","C34_T_28_F",5135,0.0058870266466079,0,NA,NA,"",NA,NA,NA,34,"Catalan","target",28,"filler","male",18,"Catalan, Spanish"
"514","C34_T_28_F",5145,0.00586183513148711,0,NA,NA,"",NA,NA,NA,34,"Catalan","target",28,"filler","male",18,"Catalan, Spanish"
"515","C34_T_28_F",5155,0.00292166353398169,0,NA,NA,"",NA,NA,NA,34,"Catalan","target",28,"filler","male",18,"Catalan, Spanish"
"516","C34_T_28_F",5165,0,0,NA,NA,"",NA,NA,NA,34,"Catalan","target",28,"filler","male",18,"Catalan, Spanish"
"517","C34_T_28_F",5175,0,0,NA,NA,"",NA,NA,NA,34,"Catalan","target",28,"filler","male",18,"Catalan, Spanish"
"518","C34_T_28_F",5185,0,0,NA,NA,"",NA,NA,NA,34,"Catalan","target",28,"filler","male",18,"Catalan, Spanish"
"519","C34_T_28_F",5195,0,0,NA,NA,"",NA,NA,NA,34,"Catalan","target",28,"filler","male",18,"Catalan, Spanish"
"520","C34_T_28_F",5205,0,0,NA,NA,"",NA,NA,NA,34,"Catalan","target",28,"filler","male",18,"Catalan, Spanish"
"521","C34_T_28_F",5215,0,0,NA,NA,"",NA,NA,NA,34,"Catalan","target",28,"filler","male",18,"Catalan, Spanish"
"522","C34_T_28_F",5225,0,0,NA,NA,"",NA,NA,NA,34,"Catalan","target",28,"filler","male",18,"Catalan, Spanish"
"523","C34_T_28_F",5235,0,0,NA,NA,"",NA,NA,NA,34,"Catalan","target",28,"filler","male",18,"Catalan, Spanish"
"524","C34_T_28_F",5245,0,0,NA,NA,"",NA,NA,NA,34,"Catalan","target",28,"filler","male",18,"Catalan, Spanish"
