"","File","time_ms","env","F0","TP","Word","Gestural_Prom","Prosodic_Prom","Syll_num","Syll","Participant","Language","Item_type","Item_num","Focus","Gender","Age","Native_language"
"1","C04_T_30_B",15,0,0,NA,NA,NA,NA,NA,NA,4,"Catalan","target",30,"background","female",18,"Catalan, Spanish"
"2","C04_T_30_B",25,0,0,NA,NA,NA,NA,NA,NA,4,"Catalan","target",30,"background","female",18,"Catalan, Spanish"
"3","C04_T_30_B",35,0,0,NA,NA,NA,NA,NA,NA,4,"Catalan","target",30,"background","female",18,"Catalan, Spanish"
"4","C04_T_30_B",45,0,0,NA,NA,NA,NA,NA,NA,4,"Catalan","target",30,"background","female",18,"Catalan, Spanish"
"5","C04_T_30_B",55,0,0,NA,NA,NA,NA,NA,NA,4,"Catalan","target",30,"background","female",18,"Catalan, Spanish"
"6","C04_T_30_B",65,0,0,NA,NA,NA,NA,NA,NA,4,"Catalan","target",30,"background","female",18,"Catalan, Spanish"
"7","C04_T_30_B",75,0,0,NA,NA,NA,NA,NA,NA,4,"Catalan","target",30,"background","female",18,"Catalan, Spanish"
"8","C04_T_30_B",85,0,0,NA,NA,NA,NA,NA,NA,4,"Catalan","target",30,"background","female",18,"Catalan, Spanish"
"9","C04_T_30_B",95,0.00822273575787605,0,NA,NA,NA,NA,NA,NA,4,"Catalan","target",30,"background","female",18,"Catalan, Spanish"
"10","C04_T_30_B",105,0.0164372790667458,0,NA,NA,NA,NA,NA,NA,4,"Catalan","target",30,"background","female",18,"Catalan, Spanish"
"11","C04_T_30_B",115,0.0163754872398407,0,NA,NA,NA,NA,NA,NA,4,"Catalan","target",30,"background","female",18,"Catalan, Spanish"
"12","C04_T_30_B",125,0.0162278317847601,0,NA,NA,NA,NA,NA,NA,4,"Catalan","target",30,"background","female",18,"Catalan, Spanish"
"13","C04_T_30_B",135,0.0160140516455499,0,NA,NA,NA,NA,NA,NA,4,"Catalan","target",30,"background","female",18,"Catalan, Spanish"
"14","C04_T_30_B",145,0.0157805298315761,0,NA,NA,NA,NA,NA,NA,4,"Catalan","target",30,"background","female",18,"Catalan, Spanish"
"15","C04_T_30_B",155,0.0155874415624797,0,NA,NA,NA,NA,NA,NA,4,"Catalan","target",30,"background","female",18,"Catalan, Spanish"
"16","C04_T_30_B",165,0.0154729706302042,0,NA,NA,NA,NA,NA,NA,4,"Catalan","target",30,"background","female",18,"Catalan, Spanish"
"17","C04_T_30_B",175,0.0154458285572235,0,NA,NA,NA,NA,NA,NA,4,"Catalan","target",30,"background","female",18,"Catalan, Spanish"
"18","C04_T_30_B",185,0.0155073270901432,0,NA,NA,NA,NA,NA,NA,4,"Catalan","target",30,"background","female",18,"Catalan, Spanish"
"19","C04_T_30_B",195,0.0156467241958421,0,NA,NA,NA,NA,NA,NA,4,"Catalan","target",30,"background","female",18,"Catalan, Spanish"
"20","C04_T_30_B",205,0.0158410823854246,0,NA,NA,NA,NA,NA,NA,4,"Catalan","target",30,"background","female",18,"Catalan, Spanish"
"21","C04_T_30_B",215,0.0160591390553495,0,NA,NA,NA,NA,NA,NA,4,"Catalan","target",30,"background","female",18,"Catalan, Spanish"
"22","C04_T_30_B",225,0.0162670377558266,0,NA,NA,NA,NA,NA,NA,4,"Catalan","target",30,"background","female",18,"Catalan, Spanish"
"23","C04_T_30_B",235,0.0164322567672825,0,NA,NA,NA,NA,NA,NA,4,"Catalan","target",30,"background","female",18,"Catalan, Spanish"
"24","C04_T_30_B",245,0.0165131852501203,0,NA,NA,NA,NA,NA,NA,4,"Catalan","target",30,"background","female",18,"Catalan, Spanish"
"25","C04_T_30_B",255,0.0164921952295774,0,NA,NA,NA,NA,NA,NA,4,"Catalan","target",30,"background","female",18,"Catalan, Spanish"
"26","C04_T_30_B",265,0.0163884035199046,0,NA,NA,NA,NA,NA,NA,4,"Catalan","target",30,"background","female",18,"Catalan, Spanish"
"27","C04_T_30_B",275,0.0162457665287822,0,NA,NA,NA,NA,NA,NA,4,"Catalan","target",30,"background","female",18,"Catalan, Spanish"
"28","C04_T_30_B",285,0.0161117369332421,0,NA,NA,NA,NA,NA,NA,4,"Catalan","target",30,"background","female",18,"Catalan, Spanish"
"29","C04_T_30_B",295,0.0160034707549359,0,NA,NA,NA,NA,NA,NA,4,"Catalan","target",30,"background","female",18,"Catalan, Spanish"
"30","C04_T_30_B",305,0.0159107704306395,0,NA,NA,NA,NA,NA,NA,4,"Catalan","target",30,"background","female",18,"Catalan, Spanish"
"31","C04_T_30_B",315,0.0158323917603846,0,NA,NA,NA,NA,NA,NA,4,"Catalan","target",30,"background","female",18,"Catalan, Spanish"
"32","C04_T_30_B",325,0.0157869772185657,0,NA,NA,NA,NA,NA,NA,4,"Catalan","target",30,"background","female",18,"Catalan, Spanish"
"33","C04_T_30_B",335,0.0157807659367027,0,NA,NA,NA,NA,NA,NA,4,"Catalan","target",30,"background","female",18,"Catalan, Spanish"
"34","C04_T_30_B",345,0.0157892600595224,0,NA,NA,NA,NA,NA,NA,4,"Catalan","target",30,"background","female",18,"Catalan, Spanish"
"35","C04_T_30_B",355,0.0157758270659063,0,NA,NA,NA,NA,NA,NA,4,"Catalan","target",30,"background","female",18,"Catalan, Spanish"
"36","C04_T_30_B",365,0.0157145988708836,0,NA,NA,NA,NA,NA,NA,4,"Catalan","target",30,"background","female",18,"Catalan, Spanish"
"37","C04_T_30_B",375,0.0155957894816676,0,NA,NA,NA,NA,NA,NA,4,"Catalan","target",30,"background","female",18,"Catalan, Spanish"
"38","C04_T_30_B",385,0.0154156537124808,0,NA,NA,NA,NA,NA,NA,4,"Catalan","target",30,"background","female",18,"Catalan, Spanish"
"39","C04_T_30_B",395,0.0151704900357974,0,NA,NA,NA,NA,NA,NA,4,"Catalan","target",30,"background","female",18,"Catalan, Spanish"
"40","C04_T_30_B",405,0.0148653270538609,0,NA,NA,NA,NA,NA,NA,4,"Catalan","target",30,"background","female",18,"Catalan, Spanish"
"41","C04_T_30_B",415,0.014520183075143,0,NA,NA,NA,NA,NA,NA,4,"Catalan","target",30,"background","female",18,"Catalan, Spanish"
"42","C04_T_30_B",425,0.0141600895011075,0,NA,NA,NA,NA,NA,NA,4,"Catalan","target",30,"background","female",18,"Catalan, Spanish"
"43","C04_T_30_B",435,0.0138180763518004,0,NA,NA,NA,NA,NA,NA,4,"Catalan","target",30,"background","female",18,"Catalan, Spanish"
"44","C04_T_30_B",445,0.0135263801626942,0,NA,NA,NA,NA,NA,NA,4,"Catalan","target",30,"background","female",18,"Catalan, Spanish"
"45","C04_T_30_B",455,0.0132942533884274,0,NA,NA,NA,NA,NA,NA,4,"Catalan","target",30,"background","female",18,"Catalan, Spanish"
"46","C04_T_30_B",465,0.0131197971244409,0,NA,NA,NA,NA,NA,NA,4,"Catalan","target",30,"background","female",18,"Catalan, Spanish"
"47","C04_T_30_B",475,0.0129948962105317,0,NA,NA,NA,NA,NA,NA,4,"Catalan","target",30,"background","female",18,"Catalan, Spanish"
"48","C04_T_30_B",485,0.0129067925157217,0,NA,NA,NA,NA,NA,NA,4,"Catalan","target",30,"background","female",18,"Catalan, Spanish"
"49","C04_T_30_B",495,0.0128558725576934,0,NA,NA,NA,NA,NA,NA,4,"Catalan","target",30,"background","female",18,"Catalan, Spanish"
"50","C04_T_30_B",505,0.0128485662127675,0,NA,NA,NA,NA,NA,NA,4,"Catalan","target",30,"background","female",18,"Catalan, Spanish"
"51","C04_T_30_B",515,0.0128680901782783,0,NA,NA,NA,NA,NA,NA,4,"Catalan","target",30,"background","female",18,"Catalan, Spanish"
"52","C04_T_30_B",525,0.0128894837908384,0,NA,NA,NA,NA,NA,NA,4,"Catalan","target",30,"background","female",18,"Catalan, Spanish"
"53","C04_T_30_B",535,0.0129009111591629,0,NA,NA,NA,NA,NA,NA,4,"Catalan","target",30,"background","female",18,"Catalan, Spanish"
"54","C04_T_30_B",545,0.0128982997035114,0,NA,NA,NA,NA,NA,NA,4,"Catalan","target",30,"background","female",18,"Catalan, Spanish"
"55","C04_T_30_B",555,0.0128800855284287,0,NA,NA,NA,NA,NA,NA,4,"Catalan","target",30,"background","female",18,"Catalan, Spanish"
"56","C04_T_30_B",565,0.0128470580371213,0,NA,NA,NA,NA,NA,NA,4,"Catalan","target",30,"background","female",18,"Catalan, Spanish"
"57","C04_T_30_B",575,0.0128010058459334,0,NA,NA,NA,NA,NA,NA,4,"Catalan","target",30,"background","female",18,"Catalan, Spanish"
"58","C04_T_30_B",585,0.0127390632750241,0,NA,NA,NA,NA,NA,NA,4,"Catalan","target",30,"background","female",18,"Catalan, Spanish"
"59","C04_T_30_B",595,0.0126583741744868,0,NA,NA,NA,NA,NA,NA,4,"Catalan","target",30,"background","female",18,"Catalan, Spanish"
"60","C04_T_30_B",605,0.0125527377191027,0,NA,NA,NA,NA,NA,NA,4,"Catalan","target",30,"background","female",18,"Catalan, Spanish"
"61","C04_T_30_B",615,0.0124225565564242,0,NA,NA,NA,NA,NA,NA,4,"Catalan","target",30,"background","female",18,"Catalan, Spanish"
"62","C04_T_30_B",625,0.0122797702311172,0,NA,NA,NA,NA,NA,NA,4,"Catalan","target",30,"background","female",18,"Catalan, Spanish"
"63","C04_T_30_B",635,0.0121352985579742,0,NA,NA,NA,NA,NA,NA,4,"Catalan","target",30,"background","female",18,"Catalan, Spanish"
"64","C04_T_30_B",645,0.0119933620206968,0,NA,NA,NA,NA,NA,NA,4,"Catalan","target",30,"background","female",18,"Catalan, Spanish"
"65","C04_T_30_B",655,0.0118556398130763,0,NA,NA,NA,NA,NA,NA,4,"Catalan","target",30,"background","female",18,"Catalan, Spanish"
"66","C04_T_30_B",665,0.011725623886309,0,NA,NA,NA,NA,NA,NA,4,"Catalan","target",30,"background","female",18,"Catalan, Spanish"
"67","C04_T_30_B",675,0.0115984321899511,0,NA,NA,NA,NA,NA,NA,4,"Catalan","target",30,"background","female",18,"Catalan, Spanish"
"68","C04_T_30_B",685,0.0114653512886376,0,NA,NA,NA,NA,NA,NA,4,"Catalan","target",30,"background","female",18,"Catalan, Spanish"
"69","C04_T_30_B",695,0.0113312190237309,0,NA,NA,NA,NA,NA,NA,4,"Catalan","target",30,"background","female",18,"Catalan, Spanish"
"70","C04_T_30_B",705,0.0112161667448017,0,NA,NA,NA,NA,NA,NA,4,"Catalan","target",30,"background","female",18,"Catalan, Spanish"
"71","C04_T_30_B",715,0.011140202852299,0,NA,NA,NA,NA,NA,NA,4,"Catalan","target",30,"background","female",18,"Catalan, Spanish"
"72","C04_T_30_B",725,0.0111053321934451,0,NA,NA,NA,NA,NA,NA,4,"Catalan","target",30,"background","female",18,"Catalan, Spanish"
"73","C04_T_30_B",735,0.0110995558529422,0,NA,NA,NA,NA,NA,NA,4,"Catalan","target",30,"background","female",18,"Catalan, Spanish"
"74","C04_T_30_B",745,0.0111285116169281,0,NA,NA,NA,NA,NA,NA,4,"Catalan","target",30,"background","female",18,"Catalan, Spanish"
"75","C04_T_30_B",755,0.0112064662750772,0,NA,NA,NA,NA,NA,NA,4,"Catalan","target",30,"background","female",18,"Catalan, Spanish"
"76","C04_T_30_B",765,0.0113298560264963,0,NA,NA,NA,NA,NA,NA,4,"Catalan","target",30,"background","female",18,"Catalan, Spanish"
"77","C04_T_30_B",775,0.0114946746918505,0,NA,NA,NA,NA,NA,NA,4,"Catalan","target",30,"background","female",18,"Catalan, Spanish"
"78","C04_T_30_B",785,0.0116975762118788,0,NA,NA,NA,NA,NA,NA,4,"Catalan","target",30,"background","female",18,"Catalan, Spanish"
"79","C04_T_30_B",795,0.0119163971352895,0,NA,NA,NA,NA,NA,NA,4,"Catalan","target",30,"background","female",18,"Catalan, Spanish"
"80","C04_T_30_B",805,0.0121185966107974,0,NA,NA,NA,NA,NA,NA,4,"Catalan","target",30,"background","female",18,"Catalan, Spanish"
"81","C04_T_30_B",815,0.0122744524982072,0,NA,NA,NA,NA,NA,NA,4,"Catalan","target",30,"background","female",18,"Catalan, Spanish"
"82","C04_T_30_B",825,0.0123663720339681,0,NA,NA,NA,NA,NA,NA,4,"Catalan","target",30,"background","female",18,"Catalan, Spanish"
"83","C04_T_30_B",835,0.0123848725915536,0,NA,NA,NA,NA,NA,NA,4,"Catalan","target",30,"background","female",18,"Catalan, Spanish"
"84","C04_T_30_B",845,0.0123335604733402,0,NA,NA,NA,NA,NA,NA,4,"Catalan","target",30,"background","female",18,"Catalan, Spanish"
"85","C04_T_30_B",855,0.0122349582675473,0,NA,NA,NA,NA,NA,NA,4,"Catalan","target",30,"background","female",18,"Catalan, Spanish"
"86","C04_T_30_B",865,0.0121158645279814,0,NA,NA,NA,NA,NA,NA,4,"Catalan","target",30,"background","female",18,"Catalan, Spanish"
"87","C04_T_30_B",875,0.0120102841618878,0,NA,NA,NA,NA,NA,NA,4,"Catalan","target",30,"background","female",18,"Catalan, Spanish"
"88","C04_T_30_B",885,0.0119479260294168,0,NA,NA,NA,NA,NA,NA,4,"Catalan","target",30,"background","female",18,"Catalan, Spanish"
"89","C04_T_30_B",895,0.0119320572008381,0,NA,NA,NA,NA,NA,NA,4,"Catalan","target",30,"background","female",18,"Catalan, Spanish"
"90","C04_T_30_B",905,0.0119532695101278,0,NA,NA,NA,NA,NA,NA,4,"Catalan","target",30,"background","female",18,"Catalan, Spanish"
"91","C04_T_30_B",915,0.012003079521849,0,NA,NA,NA,NA,NA,NA,4,"Catalan","target",30,"background","female",18,"Catalan, Spanish"
"92","C04_T_30_B",925,0.0120755122825603,0,NA,NA,NA,NA,NA,NA,4,"Catalan","target",30,"background","female",18,"Catalan, Spanish"
"93","C04_T_30_B",935,0.0121670512726459,0,NA,NA,NA,NA,NA,NA,4,"Catalan","target",30,"background","female",18,"Catalan, Spanish"
"94","C04_T_30_B",945,0.0122631865326597,0,NA,NA,NA,NA,NA,NA,4,"Catalan","target",30,"background","female",18,"Catalan, Spanish"
"95","C04_T_30_B",955,0.0124064861537607,0,NA,NA,NA,NA,NA,NA,4,"Catalan","target",30,"background","female",18,"Catalan, Spanish"
"96","C04_T_30_B",965,0.0127874753653279,0,NA,NA,NA,NA,NA,NA,4,"Catalan","target",30,"background","female",18,"Catalan, Spanish"
"97","C04_T_30_B",975,0.0136819444474366,0,NA,NA,NA,NA,NA,NA,4,"Catalan","target",30,"background","female",18,"Catalan, Spanish"
"98","C04_T_30_B",985,0.0153045454353807,0,NA,NA,NA,NA,NA,NA,4,"Catalan","target",30,"background","female",18,"Catalan, Spanish"
"99","C04_T_30_B",995,0.0177880109679776,0,NA,NA,NA,NA,NA,NA,4,"Catalan","target",30,"background","female",18,"Catalan, Spanish"
"100","C04_T_30_B",1005,0.0212566675994576,0,NA,NA,NA,NA,NA,NA,4,"Catalan","target",30,"background","female",18,"Catalan, Spanish"
"101","C04_T_30_B",1015,0.0258707448825352,0,NA,NA,NA,NA,NA,NA,4,"Catalan","target",30,"background","female",18,"Catalan, Spanish"
"102","C04_T_30_B",1025,0.0317875306814397,0,NA,NA,NA,NA,NA,NA,4,"Catalan","target",30,"background","female",18,"Catalan, Spanish"
"103","C04_T_30_B",1035,0.0390956923197069,0,NA,NA,NA,NA,NA,NA,4,"Catalan","target",30,"background","female",18,"Catalan, Spanish"
"104","C04_T_30_B",1045,0.0477731393048773,240.310623168945,NA,NA,NA,NA,NA,NA,4,"Catalan","target",30,"background","female",18,"Catalan, Spanish"
"105","C04_T_30_B",1055,0.0576221443960044,235.026473999023,NA,NA,NA,NA,NA,NA,4,"Catalan","target",30,"background","female",18,"Catalan, Spanish"
"106","C04_T_30_B",1065,0.0682348599992158,237.784484863281,NA,NA,NA,NA,NA,NA,4,"Catalan","target",30,"background","female",18,"Catalan, Spanish"
"107","C04_T_30_B",1075,0.0790409666494727,222.158386230469,NA,NA,NA,NA,NA,NA,4,"Catalan","target",30,"background","female",18,"Catalan, Spanish"
"108","C04_T_30_B",1085,0.0894088357509037,0,NA,NA,NA,NA,NA,NA,4,"Catalan","target",30,"background","female",18,"Catalan, Spanish"
"109","C04_T_30_B",1095,0.0986974297714527,226.559997558594,NA,NA,NA,NA,NA,NA,4,"Catalan","target",30,"background","female",18,"Catalan, Spanish"
"110","C04_T_30_B",1105,0.106363140789099,231.8623046875,NA,NA,NA,NA,NA,NA,4,"Catalan","target",30,"background","female",18,"Catalan, Spanish"
"111","C04_T_30_B",1115,0.112164884003207,227.506118774414,NA,NA,NA,NA,NA,NA,4,"Catalan","target",30,"background","female",18,"Catalan, Spanish"
"112","C04_T_30_B",1125,0.116179178059152,223.175430297852,NA,NA,NA,NA,NA,NA,4,"Catalan","target",30,"background","female",18,"Catalan, Spanish"
"113","C04_T_30_B",1135,0.118654462469141,226.963623046875,NA,NA,NA,NA,NA,NA,4,"Catalan","target",30,"background","female",18,"Catalan, Spanish"
"114","C04_T_30_B",1145,0.11989875814828,229.585983276367,NA,NA,NA,NA,NA,NA,4,"Catalan","target",30,"background","female",18,"Catalan, Spanish"
"115","C04_T_30_B",1155,0.12026056679878,231.810653686523,NA,NA,NA,NA,NA,NA,4,"Catalan","target",30,"background","female",18,"Catalan, Spanish"
"116","C04_T_30_B",1165,0.120186709014702,230.230773925781,NA,NA,NA,NA,NA,NA,4,"Catalan","target",30,"background","female",18,"Catalan, Spanish"
"117","C04_T_30_B",1175,0.120218643356968,224.068939208984,NA,NA,NA,NA,NA,NA,4,"Catalan","target",30,"background","female",18,"Catalan, Spanish"
"118","C04_T_30_B",1185,0.12093868287186,224.684509277344,NA,NA,NA,NA,NA,NA,4,"Catalan","target",30,"background","female",18,"Catalan, Spanish"
"119","C04_T_30_B",1195,0.122815573036471,0,NA,NA,NA,NA,NA,NA,4,"Catalan","target",30,"background","female",18,"Catalan, Spanish"
"120","C04_T_30_B",1205,0.126042382241191,0,NA,NA,NA,NA,NA,NA,4,"Catalan","target",30,"background","female",18,"Catalan, Spanish"
"121","C04_T_30_B",1215,0.130533246353564,0,NA,NA,NA,NA,NA,NA,4,"Catalan","target",30,"background","female",18,"Catalan, Spanish"
"122","C04_T_30_B",1225,0.136015551345324,242.76432800293,NA,NA,NA,NA,NA,NA,4,"Catalan","target",30,"background","female",18,"Catalan, Spanish"
"123","C04_T_30_B",1235,0.142079197882375,254.637954711914,NA,NA,NA,NA,NA,NA,4,"Catalan","target",30,"background","female",18,"Catalan, Spanish"
"124","C04_T_30_B",1245,0.148230981937904,254.436630249023,NA,NA,NA,NA,NA,NA,4,"Catalan","target",30,"background","female",18,"Catalan, Spanish"
"125","C04_T_30_B",1255,0.154096427105675,247.526428222656,NA,NA,NA,NA,NA,NA,4,"Catalan","target",30,"background","female",18,"Catalan, Spanish"
"126","C04_T_30_B",1265,0.159565605406644,243.331527709961,NA,NA,NA,NA,NA,NA,4,"Catalan","target",30,"background","female",18,"Catalan, Spanish"
"127","C04_T_30_B",1275,0.164723937490491,246.455123901367,NA,NA,NA,NA,NA,NA,4,"Catalan","target",30,"background","female",18,"Catalan, Spanish"
"128","C04_T_30_B",1285,0.16973237021879,245.215942382812,NA,NA,NA,NA,NA,NA,4,"Catalan","target",30,"background","female",18,"Catalan, Spanish"
"129","C04_T_30_B",1295,0.174726120485303,247.820541381836,NA,NA,NA,NA,NA,NA,4,"Catalan","target",30,"background","female",18,"Catalan, Spanish"
"130","C04_T_30_B",1305,0.179606471200082,244.627716064453,NA,NA,NA,NA,NA,NA,4,"Catalan","target",30,"background","female",18,"Catalan, Spanish"
"131","C04_T_30_B",1315,0.183918241191905,244.452163696289,NA,NA,NA,NA,NA,NA,4,"Catalan","target",30,"background","female",18,"Catalan, Spanish"
"132","C04_T_30_B",1325,0.187009936511974,234.721496582031,NA,NA,NA,NA,NA,NA,4,"Catalan","target",30,"background","female",18,"Catalan, Spanish"
"133","C04_T_30_B",1335,0.188272212989966,235.164947509766,NA,NA,NA,NA,NA,NA,4,"Catalan","target",30,"background","female",18,"Catalan, Spanish"
"134","C04_T_30_B",1345,0.187392272916839,229.254730224609,NA,NA,NA,NA,NA,NA,4,"Catalan","target",30,"background","female",18,"Catalan, Spanish"
"135","C04_T_30_B",1355,0.184374421662825,0,NA,NA,NA,NA,NA,NA,4,"Catalan","target",30,"background","female",18,"Catalan, Spanish"
"136","C04_T_30_B",1365,0.179258515332618,0,NA,NA,NA,NA,NA,NA,4,"Catalan","target",30,"background","female",18,"Catalan, Spanish"
"137","C04_T_30_B",1375,0.172025602978428,0,NA,NA,NA,NA,NA,NA,4,"Catalan","target",30,"background","female",18,"Catalan, Spanish"
"138","C04_T_30_B",1385,0.162751547332083,222.952514648438,NA,NA,NA,NA,NA,NA,4,"Catalan","target",30,"background","female",18,"Catalan, Spanish"
"139","C04_T_30_B",1395,0.151797419158317,217.856643676758,NA,NA,NA,NA,NA,NA,4,"Catalan","target",30,"background","female",18,"Catalan, Spanish"
"140","C04_T_30_B",1405,0.139876475316839,215.764022827148,NA,NA,NA,NA,NA,NA,4,"Catalan","target",30,"background","female",18,"Catalan, Spanish"
"141","C04_T_30_B",1415,0.127887145817687,219.496475219727,NA,NA,NA,NA,NA,NA,4,"Catalan","target",30,"background","female",18,"Catalan, Spanish"
"142","C04_T_30_B",1425,0.116714945519616,0,NA,NA,NA,NA,NA,NA,4,"Catalan","target",30,"background","female",18,"Catalan, Spanish"
"143","C04_T_30_B",1435,0.107099156792037,0,NA,NA,NA,NA,NA,NA,4,"Catalan","target",30,"background","female",18,"Catalan, Spanish"
"144","C04_T_30_B",1445,0.09948084816582,0,NA,NA,NA,NA,NA,NA,4,"Catalan","target",30,"background","female",18,"Catalan, Spanish"
"145","C04_T_30_B",1455,0.0939047657103629,219.296417236328,NA,NA,NA,NA,NA,NA,4,"Catalan","target",30,"background","female",18,"Catalan, Spanish"
"146","C04_T_30_B",1465,0.0900323802328077,224.465057373047,NA,NA,NA,NA,NA,NA,4,"Catalan","target",30,"background","female",18,"Catalan, Spanish"
"147","C04_T_30_B",1475,0.0872716137093374,216.072494506836,NA,NA,NA,NA,NA,NA,4,"Catalan","target",30,"background","female",18,"Catalan, Spanish"
"148","C04_T_30_B",1485,0.0849170632790932,217.147201538086,NA,NA,NA,NA,NA,NA,4,"Catalan","target",30,"background","female",18,"Catalan, Spanish"
"149","C04_T_30_B",1495,0.0823278691963266,217.264526367188,NA,NA,NA,NA,NA,NA,4,"Catalan","target",30,"background","female",18,"Catalan, Spanish"
"150","C04_T_30_B",1505,0.0791316498276216,217.721542358398,NA,NA,NA,NA,NA,NA,4,"Catalan","target",30,"background","female",18,"Catalan, Spanish"
"151","C04_T_30_B",1515,0.0752199953160309,224.720306396484,NA,NA,NA,NA,NA,NA,4,"Catalan","target",30,"background","female",18,"Catalan, Spanish"
"152","C04_T_30_B",1525,0.0706489187517112,218.723831176758,NA,NA,NA,NA,NA,NA,4,"Catalan","target",30,"background","female",18,"Catalan, Spanish"
"153","C04_T_30_B",1535,0.0656236506603571,215.586181640625,NA,NA,NA,NA,NA,NA,4,"Catalan","target",30,"background","female",18,"Catalan, Spanish"
"154","C04_T_30_B",1545,0.0604211911501009,220.128662109375,NA,NA,NA,NA,NA,NA,4,"Catalan","target",30,"background","female",18,"Catalan, Spanish"
"155","C04_T_30_B",1555,0.0553232016547733,0,NA,NA,NA,NA,NA,NA,4,"Catalan","target",30,"background","female",18,"Catalan, Spanish"
"156","C04_T_30_B",1565,0.0506985425356269,0,NA,NA,NA,NA,NA,NA,4,"Catalan","target",30,"background","female",18,"Catalan, Spanish"
"157","C04_T_30_B",1575,0.047063765078379,0,NA,NA,NA,NA,NA,NA,4,"Catalan","target",30,"background","female",18,"Catalan, Spanish"
"158","C04_T_30_B",1585,0.0449785635703703,0,NA,NA,NA,NA,NA,NA,4,"Catalan","target",30,"background","female",18,"Catalan, Spanish"
"159","C04_T_30_B",1595,0.0448585989026102,0,NA,NA,NA,NA,NA,NA,4,"Catalan","target",30,"background","female",18,"Catalan, Spanish"
"160","C04_T_30_B",1605,0.0468557469492592,0,NA,NA,NA,NA,NA,NA,4,"Catalan","target",30,"background","female",18,"Catalan, Spanish"
"161","C04_T_30_B",1615,0.0508738890028757,0,NA,NA,NA,NA,NA,NA,4,"Catalan","target",30,"background","female",18,"Catalan, Spanish"
"162","C04_T_30_B",1625,0.0565752449911581,0,NA,NA,NA,NA,NA,NA,4,"Catalan","target",30,"background","female",18,"Catalan, Spanish"
"163","C04_T_30_B",1635,0.0634873555650962,261.217102050781,NA,NA,NA,NA,NA,NA,4,"Catalan","target",30,"background","female",18,"Catalan, Spanish"
"164","C04_T_30_B",1645,0.0711745285538177,249.415542602539,"La camisa groga",NA,NA,NA,NA,NA,4,"Catalan","target",30,"background","female",18,"Catalan, Spanish"
"165","C04_T_30_B",1655,0.0792320935803006,249.52473449707,"La camisa groga",NA,NA,NA,NA,NA,4,"Catalan","target",30,"background","female",18,"Catalan, Spanish"
"166","C04_T_30_B",1665,0.0872555329823937,250.933929443359,"La camisa groga",NA,NA,NA,NA,NA,4,"Catalan","target",30,"background","female",18,"Catalan, Spanish"
"167","C04_T_30_B",1675,0.0948376828518313,250.142501831055,"La camisa groga",NA,NA,NA,NA,NA,4,"Catalan","target",30,"background","female",18,"Catalan, Spanish"
"168","C04_T_30_B",1685,0.101598254609835,248.622146606445,"La camisa groga",NA,NA,NA,NA,NA,4,"Catalan","target",30,"background","female",18,"Catalan, Spanish"
"169","C04_T_30_B",1695,0.107195974344735,249.622955322266,"La camisa groga",NA,NA,NA,NA,NA,4,"Catalan","target",30,"background","female",18,"Catalan, Spanish"
"170","C04_T_30_B",1705,0.111302466880438,263.980621337891,"La camisa groga",NA,NA,NA,NA,NA,4,"Catalan","target",30,"background","female",18,"Catalan, Spanish"
"171","C04_T_30_B",1715,0.11365466609942,254.436004638672,"La camisa groga",NA,NA,NA,NA,NA,4,"Catalan","target",30,"background","female",18,"Catalan, Spanish"
"172","C04_T_30_B",1725,0.11413465929953,252.22802734375,"La camisa groga",NA,NA,NA,NA,NA,4,"Catalan","target",30,"background","female",18,"Catalan, Spanish"
"173","C04_T_30_B",1735,0.112794992940326,249.464462280273,"La camisa groga",NA,NA,NA,NA,NA,4,"Catalan","target",30,"background","female",18,"Catalan, Spanish"
"174","C04_T_30_B",1745,0.109801265239542,248.146575927734,"La camisa groga",NA,NA,NA,NA,NA,4,"Catalan","target",30,"background","female",18,"Catalan, Spanish"
"175","C04_T_30_B",1755,0.105409514147635,250.515762329102,"La camisa groga",NA,NA,NA,NA,NA,4,"Catalan","target",30,"background","female",18,"Catalan, Spanish"
"176","C04_T_30_B",1765,0.0999891735008136,251.193832397461,"La camisa groga","N","-1",NA,"1","pre",4,"Catalan","target",30,"background","female",18,"Catalan, Spanish"
"177","C04_T_30_B",1775,0.0939728536237836,251.110412597656,"La camisa groga","N","-1",NA,"1","pre",4,"Catalan","target",30,"background","female",18,"Catalan, Spanish"
"178","C04_T_30_B",1785,0.0878987319137413,0,"La camisa groga","N","-1",NA,"1","pre",4,"Catalan","target",30,"background","female",18,"Catalan, Spanish"
"179","C04_T_30_B",1795,0.0823796547883434,246.491790771484,"La camisa groga","N","-1",NA,"1","pre",4,"Catalan","target",30,"background","female",18,"Catalan, Spanish"
"180","C04_T_30_B",1805,0.0779401317954682,251.571182250977,"La camisa groga","N","-1",NA,"1","pre",4,"Catalan","target",30,"background","female",18,"Catalan, Spanish"
"181","C04_T_30_B",1815,0.0749890012505512,251.517532348633,"La camisa groga","N","-1",NA,"1","pre",4,"Catalan","target",30,"background","female",18,"Catalan, Spanish"
"182","C04_T_30_B",1825,0.0738913898159476,253.100326538086,"La camisa groga","N","-1",NA,"1","pre",4,"Catalan","target",30,"background","female",18,"Catalan, Spanish"
"183","C04_T_30_B",1835,0.0748903782205298,257.583953857422,"La camisa groga","N","-1",NA,"1","pre",4,"Catalan","target",30,"background","female",18,"Catalan, Spanish"
"184","C04_T_30_B",1845,0.0779973704072434,0,"La camisa groga","N","-1",NA,"1","pre",4,"Catalan","target",30,"background","female",18,"Catalan, Spanish"
"185","C04_T_30_B",1855,0.083016261559047,262.085693359375,"La camisa groga","N","-1",NA,"1","pre",4,"Catalan","target",30,"background","female",18,"Catalan, Spanish"
"186","C04_T_30_B",1865,0.0895641223522941,248.847030639648,"La camisa groga","N","-1",NA,"1","pre",4,"Catalan","target",30,"background","female",18,"Catalan, Spanish"
"187","C04_T_30_B",1875,0.0970688767883612,248.18408203125,"La camisa groga","N","-1","2","2","mi",4,"Catalan","target",30,"background","female",18,"Catalan, Spanish"
"188","C04_T_30_B",1885,0.10479564577879,245.653884887695,"La camisa groga","N","-1","2","2","mi",4,"Catalan","target",30,"background","female",18,"Catalan, Spanish"
"189","C04_T_30_B",1895,0.111964330860761,244.595596313477,"La camisa groga","N","-1","2","2","mi",4,"Catalan","target",30,"background","female",18,"Catalan, Spanish"
"190","C04_T_30_B",1905,0.11791718111352,239.497131347656,"La camisa groga","N","-1","2","2","mi",4,"Catalan","target",30,"background","female",18,"Catalan, Spanish"
"191","C04_T_30_B",1915,0.122181631587976,247.56623840332,"La camisa groga","N","-1","2","2","mi",4,"Catalan","target",30,"background","female",18,"Catalan, Spanish"
"192","C04_T_30_B",1925,0.124435480996877,250.078689575195,"La camisa groga","N","-1","2","2","mi",4,"Catalan","target",30,"background","female",18,"Catalan, Spanish"
"193","C04_T_30_B",1935,0.124512374802725,249.360900878906,"La camisa groga","N","-1","2","2","mi",4,"Catalan","target",30,"background","female",18,"Catalan, Spanish"
"194","C04_T_30_B",1945,0.122442049538675,240.35612487793,"La camisa groga","N","-1","2","2","mi",4,"Catalan","target",30,"background","female",18,"Catalan, Spanish"
"195","C04_T_30_B",1955,0.118460359921827,247.82453918457,"La camisa groga","N","-1","2","2","mi",4,"Catalan","target",30,"background","female",18,"Catalan, Spanish"
"196","C04_T_30_B",1965,0.112999677318529,246.345977783203,"La camisa groga","N","-1","2","2","mi",4,"Catalan","target",30,"background","female",18,"Catalan, Spanish"
"197","C04_T_30_B",1975,0.106668649967439,244.181838989258,"La camisa groga","N","-1","2","2","mi",4,"Catalan","target",30,"background","female",18,"Catalan, Spanish"
"198","C04_T_30_B",1985,0.100109109746167,242.739669799805,"La camisa groga","N","-1","2","2","mi",4,"Catalan","target",30,"background","female",18,"Catalan, Spanish"
"199","C04_T_30_B",1995,0.0939235013815693,245.898208618164,"La camisa groga","N","-1","2","2","mi",4,"Catalan","target",30,"background","female",18,"Catalan, Spanish"
"200","C04_T_30_B",2005,0.0887210741164599,244.053451538086,"La camisa groga","N","-1","2","2","mi",4,"Catalan","target",30,"background","female",18,"Catalan, Spanish"
"201","C04_T_30_B",2015,0.0850045772079515,239.391540527344,"La camisa groga","N","-1","2","2","mi",4,"Catalan","target",30,"background","female",18,"Catalan, Spanish"
"202","C04_T_30_B",2025,0.083046935493425,241.41633605957,"La camisa groga","N","-1","2","2","mi",4,"Catalan","target",30,"background","female",18,"Catalan, Spanish"
"203","C04_T_30_B",2035,0.082923667165742,240.063003540039,"La camisa groga","N","-1","2","2","mi",4,"Catalan","target",30,"background","female",18,"Catalan, Spanish"
"204","C04_T_30_B",2045,0.0845201541756436,240.987075805664,"La camisa groga","N","-1","","3","post_pre",4,"Catalan","target",30,"background","female",18,"Catalan, Spanish"
"205","C04_T_30_B",2055,0.0875502173394908,236.090179443359,"La camisa groga","N","-1","","3","post_pre",4,"Catalan","target",30,"background","female",18,"Catalan, Spanish"
"206","C04_T_30_B",2065,0.0916053167987109,236.572799682617,"La camisa groga","N","-1","","3","post_pre",4,"Catalan","target",30,"background","female",18,"Catalan, Spanish"
"207","C04_T_30_B",2075,0.0961678272719844,234.919860839844,"La camisa groga","N","-1","","3","post_pre",4,"Catalan","target",30,"background","female",18,"Catalan, Spanish"
"208","C04_T_30_B",2085,0.100622922274305,233.903884887695,"La camisa groga","N","-1","","3","post_pre",4,"Catalan","target",30,"background","female",18,"Catalan, Spanish"
"209","C04_T_30_B",2095,0.104334650674899,225.164916992188,"La camisa groga","N","-1","","3","post_pre",4,"Catalan","target",30,"background","female",18,"Catalan, Spanish"
"210","C04_T_30_B",2105,0.106773097136232,228.415069580078,"La camisa groga","N","-1","","3","post_pre",4,"Catalan","target",30,"background","female",18,"Catalan, Spanish"
"211","C04_T_30_B",2115,0.107596342885961,222.393920898438,"La camisa groga","N","-1","","3","post_pre",4,"Catalan","target",30,"background","female",18,"Catalan, Spanish"
"212","C04_T_30_B",2125,0.106675281685923,229.233352661133,"La camisa groga","N","-1","","3","post_pre",4,"Catalan","target",30,"background","female",18,"Catalan, Spanish"
"213","C04_T_30_B",2135,0.104096028916823,228.933975219727,"La camisa groga","N","-1","","3","post_pre",4,"Catalan","target",30,"background","female",18,"Catalan, Spanish"
"214","C04_T_30_B",2145,0.100189728001296,228.116271972656,"La camisa groga","N","-1","","3","post_pre",4,"Catalan","target",30,"background","female",18,"Catalan, Spanish"
"215","C04_T_30_B",2155,0.0955369228539927,229.002639770508,"La camisa groga","N","-1","","3","post_pre",4,"Catalan","target",30,"background","female",18,"Catalan, Spanish"
"216","C04_T_30_B",2165,0.090882340652765,223.125183105469,"La camisa groga","N","-1","","3","post_pre",4,"Catalan","target",30,"background","female",18,"Catalan, Spanish"
"217","C04_T_30_B",2175,0.086996328651904,0,"La camisa groga","N","-1","","3","post_pre",4,"Catalan","target",30,"background","female",18,"Catalan, Spanish"
"218","C04_T_30_B",2185,0.084560399612566,212.502578735352,"La camisa groga","N","-1","","3","post_pre",4,"Catalan","target",30,"background","female",18,"Catalan, Spanish"
"219","C04_T_30_B",2195,0.0840790860314126,211.869674682617,"La camisa groga","N","-1","","3","post_pre",4,"Catalan","target",30,"background","female",18,"Catalan, Spanish"
"220","C04_T_30_B",2205,0.0857628078022457,224.080993652344,"La camisa groga","N","-1","","3","post_pre",4,"Catalan","target",30,"background","female",18,"Catalan, Spanish"
"221","C04_T_30_B",2215,0.0894366381054636,224.231063842773,"La camisa groga","N","-1","","3","post_pre",4,"Catalan","target",30,"background","female",18,"Catalan, Spanish"
"222","C04_T_30_B",2225,0.0945870119654348,224.12451171875,"La camisa groga","N","-1","","3","post_pre",4,"Catalan","target",30,"background","female",18,"Catalan, Spanish"
"223","C04_T_30_B",2235,0.100601271252193,226.778961181641,"La camisa groga","N","-1","","3","post_pre",4,"Catalan","target",30,"background","female",18,"Catalan, Spanish"
"224","C04_T_30_B",2245,0.10690921912963,223.329040527344,"La camisa groga","N","-1","","3","post_pre",4,"Catalan","target",30,"background","female",18,"Catalan, Spanish"
"225","C04_T_30_B",2255,0.112827972922878,223.786010742188,"La camisa groga","N","-1","","3","post_pre",4,"Catalan","target",30,"background","female",18,"Catalan, Spanish"
"226","C04_T_30_B",2265,0.11763135543038,224.919921875,"La camisa groga","N","-1","","3","post_pre",4,"Catalan","target",30,"background","female",18,"Catalan, Spanish"
"227","C04_T_30_B",2275,0.120719941532979,221.949935913086,"La camisa groga","N","-1","","3","post_pre",4,"Catalan","target",30,"background","female",18,"Catalan, Spanish"
"228","C04_T_30_B",2285,0.121703042061208,221.165573120117,"La camisa groga","N","-1","","3","post_pre",4,"Catalan","target",30,"background","female",18,"Catalan, Spanish"
"229","C04_T_30_B",2295,0.120513208767468,219.600296020508,"La camisa groga","N","-1","","3","post_pre",4,"Catalan","target",30,"background","female",18,"Catalan, Spanish"
"230","C04_T_30_B",2305,0.11731191516402,0,"La camisa groga","N","-1","","3","post_pre",4,"Catalan","target",30,"background","female",18,"Catalan, Spanish"
"231","C04_T_30_B",2315,0.112396142967609,215.141571044922,"La camisa groga","A","-1","2","4","gro",4,"Catalan","target",30,"background","female",18,"Catalan, Spanish"
"232","C04_T_30_B",2325,0.106253563076599,216.038818359375,"La camisa groga","A","-1","2","4","gro",4,"Catalan","target",30,"background","female",18,"Catalan, Spanish"
"233","C04_T_30_B",2335,0.0995341229368703,215.496276855469,"La camisa groga","A","-1","2","4","gro",4,"Catalan","target",30,"background","female",18,"Catalan, Spanish"
"234","C04_T_30_B",2345,0.0928584869790215,226.70426940918,"La camisa groga","A","-1","2","4","gro",4,"Catalan","target",30,"background","female",18,"Catalan, Spanish"
"235","C04_T_30_B",2355,0.0866681892475457,0,"La camisa groga","A","-1","2","4","gro",4,"Catalan","target",30,"background","female",18,"Catalan, Spanish"
"236","C04_T_30_B",2365,0.0812480285731189,0,"La camisa groga","A","-1","2","4","gro",4,"Catalan","target",30,"background","female",18,"Catalan, Spanish"
"237","C04_T_30_B",2375,0.0768561950729887,219.13786315918,"La camisa groga","A","-1","2","4","gro",4,"Catalan","target",30,"background","female",18,"Catalan, Spanish"
"238","C04_T_30_B",2385,0.073791889500228,219.433486938477,"La camisa groga","A","-1","2","4","gro",4,"Catalan","target",30,"background","female",18,"Catalan, Spanish"
"239","C04_T_30_B",2395,0.0723354238040341,212.773147583008,"La camisa groga","A","-1","2","4","gro",4,"Catalan","target",30,"background","female",18,"Catalan, Spanish"
"240","C04_T_30_B",2405,0.072712715413016,216.080780029297,"La camisa groga","A","-1","2","4","gro",4,"Catalan","target",30,"background","female",18,"Catalan, Spanish"
"241","C04_T_30_B",2415,0.0751420546065475,219.748779296875,"La camisa groga","A","-1","2","4","gro",4,"Catalan","target",30,"background","female",18,"Catalan, Spanish"
"242","C04_T_30_B",2425,0.079776032198566,219.005325317383,"La camisa groga","A","-1","2","4","gro",4,"Catalan","target",30,"background","female",18,"Catalan, Spanish"
"243","C04_T_30_B",2435,0.0864808392301989,208.025680541992,"La camisa groga","A","-1","2","4","gro",4,"Catalan","target",30,"background","female",18,"Catalan, Spanish"
"244","C04_T_30_B",2445,0.0948337884337565,0,"La camisa groga","A","-1","2","4","gro",4,"Catalan","target",30,"background","female",18,"Catalan, Spanish"
"245","C04_T_30_B",2455,0.104416338971363,0,"La camisa groga","A","-1","2","4","gro",4,"Catalan","target",30,"background","female",18,"Catalan, Spanish"
"246","C04_T_30_B",2465,0.114827309861247,224.415298461914,"La camisa groga","A","-1","2","4","gro",4,"Catalan","target",30,"background","female",18,"Catalan, Spanish"
"247","C04_T_30_B",2475,0.125538173400313,224.875915527344,"La camisa groga","A","-1","2","4","gro",4,"Catalan","target",30,"background","female",18,"Catalan, Spanish"
"248","C04_T_30_B",2485,0.135889073335607,224.320907592773,"La camisa groga","A","-1","2","4","gro",4,"Catalan","target",30,"background","female",18,"Catalan, Spanish"
"249","C04_T_30_B",2495,0.145109475567571,226.789505004883,"La camisa groga","A","-1","2","4","gro",4,"Catalan","target",30,"background","female",18,"Catalan, Spanish"
"250","C04_T_30_B",2505,0.152498670547703,226.215026855469,"La camisa groga","A","-1","2","4","gro",4,"Catalan","target",30,"background","female",18,"Catalan, Spanish"
"251","C04_T_30_B",2515,0.157548974216073,227.205490112305,"La camisa groga","A","-1","2","4","gro",4,"Catalan","target",30,"background","female",18,"Catalan, Spanish"
"252","C04_T_30_B",2525,0.159920755101608,228.19450378418,"La camisa groga","A","-1","2","4","gro",4,"Catalan","target",30,"background","female",18,"Catalan, Spanish"
"253","C04_T_30_B",2535,0.159424613442971,230.366912841797,"La camisa groga","A","-1","2","4","gro",4,"Catalan","target",30,"background","female",18,"Catalan, Spanish"
"254","C04_T_30_B",2545,0.15607889155311,228.292572021484,"La camisa groga","A","-1","2","4","gro",4,"Catalan","target",30,"background","female",18,"Catalan, Spanish"
"255","C04_T_30_B",2555,0.150179877722875,229.369186401367,"La camisa groga","A","-1","2","4","gro",4,"Catalan","target",30,"background","female",18,"Catalan, Spanish"
"256","C04_T_30_B",2565,0.14222324235868,231.470550537109,"La camisa groga","A","-1","2","4","gro",4,"Catalan","target",30,"background","female",18,"Catalan, Spanish"
"257","C04_T_30_B",2575,0.132737107300045,232.537017822266,"La camisa groga","A","-1","2","4","gro",4,"Catalan","target",30,"background","female",18,"Catalan, Spanish"
"258","C04_T_30_B",2585,0.122287805918028,231.971603393555,"La camisa groga","A","-1",NA,"5","post",4,"Catalan","target",30,"background","female",18,"Catalan, Spanish"
"259","C04_T_30_B",2595,0.111547747974175,227.029693603516,"La camisa groga","A","-1",NA,"5","post",4,"Catalan","target",30,"background","female",18,"Catalan, Spanish"
"260","C04_T_30_B",2605,0.101224644539423,234.162017822266,"La camisa groga","A","-1",NA,"5","post",4,"Catalan","target",30,"background","female",18,"Catalan, Spanish"
"261","C04_T_30_B",2615,0.0919246795222661,234.684158325195,"La camisa groga","A","-1",NA,"5","post",4,"Catalan","target",30,"background","female",18,"Catalan, Spanish"
"262","C04_T_30_B",2625,0.0840686935840427,231.731292724609,"La camisa groga","A","-1",NA,"5","post",4,"Catalan","target",30,"background","female",18,"Catalan, Spanish"
"263","C04_T_30_B",2635,0.0779210500881965,225.601989746094,"La camisa groga","A","-1",NA,"5","post",4,"Catalan","target",30,"background","female",18,"Catalan, Spanish"
"264","C04_T_30_B",2645,0.0735858068942039,0,"La camisa groga","A","-1",NA,"5","post",4,"Catalan","target",30,"background","female",18,"Catalan, Spanish"
"265","C04_T_30_B",2655,0.0709615739804398,0,"La camisa groga","A","-1",NA,"5","post",4,"Catalan","target",30,"background","female",18,"Catalan, Spanish"
"266","C04_T_30_B",2665,0.0697977440644387,0,"La camisa groga","A","-1",NA,"5","post",4,"Catalan","target",30,"background","female",18,"Catalan, Spanish"
"267","C04_T_30_B",2675,0.0698228212613987,0,"La camisa groga","A","-1",NA,"5","post",4,"Catalan","target",30,"background","female",18,"Catalan, Spanish"
"268","C04_T_30_B",2685,0.070781546345207,0,"La camisa groga","A","-1",NA,"5","post",4,"Catalan","target",30,"background","female",18,"Catalan, Spanish"
"269","C04_T_30_B",2695,0.072405682967244,0,"La camisa groga","A","-1",NA,"5","post",4,"Catalan","target",30,"background","female",18,"Catalan, Spanish"
"270","C04_T_30_B",2705,0.0743547178675555,0,"La camisa groga","A","-1",NA,"5","post",4,"Catalan","target",30,"background","female",18,"Catalan, Spanish"
"271","C04_T_30_B",2715,0.0762249747652349,0,"La camisa groga","A","-1",NA,"5","post",4,"Catalan","target",30,"background","female",18,"Catalan, Spanish"
"272","C04_T_30_B",2725,0.0776514525913992,0,"La camisa groga","A","-1",NA,"5","post",4,"Catalan","target",30,"background","female",18,"Catalan, Spanish"
"273","C04_T_30_B",2735,0.0783967385367948,0,"La camisa groga","A","-1",NA,"5","post",4,"Catalan","target",30,"background","female",18,"Catalan, Spanish"
"274","C04_T_30_B",2745,0.0783934469634298,0,"La camisa groga","A","-1",NA,"5","post",4,"Catalan","target",30,"background","female",18,"Catalan, Spanish"
"275","C04_T_30_B",2755,0.0776851456644506,0,"La camisa groga","A","-1",NA,"5","post",4,"Catalan","target",30,"background","female",18,"Catalan, Spanish"
"276","C04_T_30_B",2765,0.0763495426751749,0,"La camisa groga","A","-1",NA,"5","post",4,"Catalan","target",30,"background","female",18,"Catalan, Spanish"
"277","C04_T_30_B",2775,0.0744911476929271,283.315307617188,"La camisa groga","A","-1",NA,"5","post",4,"Catalan","target",30,"background","female",18,"Catalan, Spanish"
"278","C04_T_30_B",2785,0.0721824218843793,279.323059082031,"La camisa groga","A","-1",NA,"5","post",4,"Catalan","target",30,"background","female",18,"Catalan, Spanish"
"279","C04_T_30_B",2795,0.0694261286061263,277.2685546875,"La camisa groga","A","-1",NA,"5","post",4,"Catalan","target",30,"background","female",18,"Catalan, Spanish"
"280","C04_T_30_B",2805,0.0662103611121484,285.400970458984,"La camisa groga","A","-1",NA,"5","post",4,"Catalan","target",30,"background","female",18,"Catalan, Spanish"
"281","C04_T_30_B",2815,0.0625993106632409,287.749084472656,"La camisa groga","A","-1",NA,"5","post",4,"Catalan","target",30,"background","female",18,"Catalan, Spanish"
"282","C04_T_30_B",2825,0.0587673558390251,0,"La camisa groga","A","-1",NA,"5","post",4,"Catalan","target",30,"background","female",18,"Catalan, Spanish"
"283","C04_T_30_B",2835,0.0549165962857327,0,NA,NA,NA,NA,NA,NA,4,"Catalan","target",30,"background","female",18,"Catalan, Spanish"
"284","C04_T_30_B",2845,0.0512226113370728,0,NA,NA,NA,NA,NA,NA,4,"Catalan","target",30,"background","female",18,"Catalan, Spanish"
"285","C04_T_30_B",2855,0.0477881744291154,0,NA,NA,NA,NA,NA,NA,4,"Catalan","target",30,"background","female",18,"Catalan, Spanish"
"286","C04_T_30_B",2865,0.0445814480267466,0,NA,NA,NA,NA,NA,NA,4,"Catalan","target",30,"background","female",18,"Catalan, Spanish"
"287","C04_T_30_B",2875,0.0415052828273396,0,NA,NA,NA,NA,NA,NA,4,"Catalan","target",30,"background","female",18,"Catalan, Spanish"
"288","C04_T_30_B",2885,0.0385217922016366,0,NA,NA,NA,NA,NA,NA,4,"Catalan","target",30,"background","female",18,"Catalan, Spanish"
"289","C04_T_30_B",2895,0.0356337608234941,0,NA,NA,NA,NA,NA,NA,4,"Catalan","target",30,"background","female",18,"Catalan, Spanish"
"290","C04_T_30_B",2905,0.0328482118010544,0,NA,NA,NA,NA,NA,NA,4,"Catalan","target",30,"background","female",18,"Catalan, Spanish"
"291","C04_T_30_B",2915,0.0302071109004528,0,NA,NA,NA,NA,NA,NA,4,"Catalan","target",30,"background","female",18,"Catalan, Spanish"
"292","C04_T_30_B",2925,0.0277601846834502,0,NA,NA,NA,NA,NA,NA,4,"Catalan","target",30,"background","female",18,"Catalan, Spanish"
"293","C04_T_30_B",2935,0.0255336442125896,0,NA,NA,NA,NA,NA,NA,4,"Catalan","target",30,"background","female",18,"Catalan, Spanish"
"294","C04_T_30_B",2945,0.0235301910103105,0,NA,NA,NA,NA,NA,NA,4,"Catalan","target",30,"background","female",18,"Catalan, Spanish"
"295","C04_T_30_B",2955,0.021734278490233,0,NA,NA,NA,NA,NA,NA,4,"Catalan","target",30,"background","female",18,"Catalan, Spanish"
"296","C04_T_30_B",2965,0.0201394193382872,0,NA,NA,NA,NA,NA,NA,4,"Catalan","target",30,"background","female",18,"Catalan, Spanish"
"297","C04_T_30_B",2975,0.0187685655042329,0,NA,NA,NA,NA,NA,NA,4,"Catalan","target",30,"background","female",18,"Catalan, Spanish"
"298","C04_T_30_B",2985,0.0176279686618207,0,NA,NA,NA,NA,NA,NA,4,"Catalan","target",30,"background","female",18,"Catalan, Spanish"
"299","C04_T_30_B",2995,0.0166847689314706,0,NA,NA,NA,NA,NA,NA,4,"Catalan","target",30,"background","female",18,"Catalan, Spanish"
"300","C04_T_30_B",3005,0.0159111643900883,0,NA,NA,NA,NA,NA,NA,4,"Catalan","target",30,"background","female",18,"Catalan, Spanish"
"301","C04_T_30_B",3015,0.0152892511143996,0,NA,NA,NA,NA,NA,NA,4,"Catalan","target",30,"background","female",18,"Catalan, Spanish"
"302","C04_T_30_B",3025,0.0147961226718883,0,NA,NA,NA,NA,NA,NA,4,"Catalan","target",30,"background","female",18,"Catalan, Spanish"
"303","C04_T_30_B",3035,0.0144068382046353,0,NA,NA,NA,NA,NA,NA,4,"Catalan","target",30,"background","female",18,"Catalan, Spanish"
"304","C04_T_30_B",3045,0.0140975393376964,0,NA,NA,NA,NA,NA,NA,4,"Catalan","target",30,"background","female",18,"Catalan, Spanish"
"305","C04_T_30_B",3055,0.0138476926469314,0,NA,NA,NA,NA,NA,NA,4,"Catalan","target",30,"background","female",18,"Catalan, Spanish"
"306","C04_T_30_B",3065,0.0136495709184574,0,NA,NA,NA,NA,NA,NA,4,"Catalan","target",30,"background","female",18,"Catalan, Spanish"
"307","C04_T_30_B",3075,0.0135011320706549,0,NA,NA,NA,NA,NA,NA,4,"Catalan","target",30,"background","female",18,"Catalan, Spanish"
"308","C04_T_30_B",3085,0.0133932455161692,0,NA,NA,NA,NA,NA,NA,4,"Catalan","target",30,"background","female",18,"Catalan, Spanish"
"309","C04_T_30_B",3095,0.0133175568090209,0,NA,NA,NA,NA,NA,NA,4,"Catalan","target",30,"background","female",18,"Catalan, Spanish"
"310","C04_T_30_B",3105,0.0132684737840346,0,NA,NA,NA,NA,NA,NA,4,"Catalan","target",30,"background","female",18,"Catalan, Spanish"
"311","C04_T_30_B",3115,0.0132339174643371,0,NA,NA,NA,NA,NA,NA,4,"Catalan","target",30,"background","female",18,"Catalan, Spanish"
"312","C04_T_30_B",3125,0.0131978287663315,0,NA,NA,NA,NA,NA,NA,4,"Catalan","target",30,"background","female",18,"Catalan, Spanish"
"313","C04_T_30_B",3135,0.0131408104829444,0,NA,NA,NA,NA,NA,NA,4,"Catalan","target",30,"background","female",18,"Catalan, Spanish"
"314","C04_T_30_B",3145,0.0130425143106702,0,NA,NA,NA,NA,NA,NA,4,"Catalan","target",30,"background","female",18,"Catalan, Spanish"
"315","C04_T_30_B",3155,0.012891563432326,0,NA,NA,NA,NA,NA,NA,4,"Catalan","target",30,"background","female",18,"Catalan, Spanish"
"316","C04_T_30_B",3165,0.0126850174951438,0,NA,NA,NA,NA,NA,NA,4,"Catalan","target",30,"background","female",18,"Catalan, Spanish"
"317","C04_T_30_B",3175,0.0124165165386135,0,NA,NA,NA,NA,NA,NA,4,"Catalan","target",30,"background","female",18,"Catalan, Spanish"
"318","C04_T_30_B",3185,0.0120907546709269,0,NA,NA,NA,NA,NA,NA,4,"Catalan","target",30,"background","female",18,"Catalan, Spanish"
"319","C04_T_30_B",3195,0.0117331962187775,0,NA,NA,NA,NA,NA,NA,4,"Catalan","target",30,"background","female",18,"Catalan, Spanish"
"320","C04_T_30_B",3205,0.0113755439673734,0,NA,NA,NA,NA,NA,NA,4,"Catalan","target",30,"background","female",18,"Catalan, Spanish"
"321","C04_T_30_B",3215,0.0110428186091137,0,NA,NA,NA,NA,NA,NA,4,"Catalan","target",30,"background","female",18,"Catalan, Spanish"
"322","C04_T_30_B",3225,0.0107519184435744,0,NA,NA,NA,NA,NA,NA,4,"Catalan","target",30,"background","female",18,"Catalan, Spanish"
"323","C04_T_30_B",3235,0.0105226073379603,0,NA,NA,NA,NA,NA,NA,4,"Catalan","target",30,"background","female",18,"Catalan, Spanish"
"324","C04_T_30_B",3245,0.0103675666815914,0,NA,NA,NA,NA,NA,NA,4,"Catalan","target",30,"background","female",18,"Catalan, Spanish"
"325","C04_T_30_B",3255,0.0102766859802183,0,NA,NA,NA,NA,NA,NA,4,"Catalan","target",30,"background","female",18,"Catalan, Spanish"
"326","C04_T_30_B",3265,0.0102351989707179,0,NA,NA,NA,NA,NA,NA,4,"Catalan","target",30,"background","female",18,"Catalan, Spanish"
"327","C04_T_30_B",3275,0.0102372846769218,0,NA,NA,NA,NA,NA,NA,4,"Catalan","target",30,"background","female",18,"Catalan, Spanish"
"328","C04_T_30_B",3285,0.0102715232447564,0,NA,NA,NA,NA,NA,NA,4,"Catalan","target",30,"background","female",18,"Catalan, Spanish"
"329","C04_T_30_B",3295,0.0103206316122426,0,NA,NA,NA,NA,NA,NA,4,"Catalan","target",30,"background","female",18,"Catalan, Spanish"
"330","C04_T_30_B",3305,0.0103834154972088,0,NA,NA,NA,NA,NA,NA,4,"Catalan","target",30,"background","female",18,"Catalan, Spanish"
"331","C04_T_30_B",3315,0.0104718828949015,0,NA,NA,NA,NA,NA,NA,4,"Catalan","target",30,"background","female",18,"Catalan, Spanish"
"332","C04_T_30_B",3325,0.0105992466150819,0,NA,NA,NA,NA,NA,NA,4,"Catalan","target",30,"background","female",18,"Catalan, Spanish"
"333","C04_T_30_B",3335,0.0107718356587208,0,NA,NA,NA,NA,NA,NA,4,"Catalan","target",30,"background","female",18,"Catalan, Spanish"
"334","C04_T_30_B",3345,0.0109745375210991,0,NA,NA,NA,NA,NA,NA,4,"Catalan","target",30,"background","female",18,"Catalan, Spanish"
"335","C04_T_30_B",3355,0.0111877975363074,0,NA,NA,NA,NA,NA,NA,4,"Catalan","target",30,"background","female",18,"Catalan, Spanish"
"336","C04_T_30_B",3365,0.0114116826427385,0,NA,NA,NA,NA,NA,NA,4,"Catalan","target",30,"background","female",18,"Catalan, Spanish"
"337","C04_T_30_B",3375,0.0116601271148771,0,NA,NA,NA,NA,NA,NA,4,"Catalan","target",30,"background","female",18,"Catalan, Spanish"
"338","C04_T_30_B",3385,0.0119355650388231,0,NA,NA,NA,NA,NA,NA,4,"Catalan","target",30,"background","female",18,"Catalan, Spanish"
"339","C04_T_30_B",3395,0.0122234109885113,0,NA,NA,NA,NA,NA,NA,4,"Catalan","target",30,"background","female",18,"Catalan, Spanish"
"340","C04_T_30_B",3405,0.0125015895179539,0,NA,NA,NA,NA,NA,NA,4,"Catalan","target",30,"background","female",18,"Catalan, Spanish"
"341","C04_T_30_B",3415,0.0127469972175355,0,NA,NA,NA,NA,NA,NA,4,"Catalan","target",30,"background","female",18,"Catalan, Spanish"
"342","C04_T_30_B",3425,0.0129532929431383,0,NA,NA,NA,NA,NA,NA,4,"Catalan","target",30,"background","female",18,"Catalan, Spanish"
"343","C04_T_30_B",3435,0.0131250492254176,0,NA,NA,NA,NA,NA,NA,4,"Catalan","target",30,"background","female",18,"Catalan, Spanish"
"344","C04_T_30_B",3445,0.0132930772280689,0,NA,NA,NA,NA,NA,NA,4,"Catalan","target",30,"background","female",18,"Catalan, Spanish"
"345","C04_T_30_B",3455,0.0135855858521161,0,NA,NA,NA,NA,NA,NA,4,"Catalan","target",30,"background","female",18,"Catalan, Spanish"
"346","C04_T_30_B",3465,0.014279566967258,0,NA,NA,NA,NA,NA,NA,4,"Catalan","target",30,"background","female",18,"Catalan, Spanish"
"347","C04_T_30_B",3475,0.0158085067044755,0,NA,NA,NA,NA,NA,NA,4,"Catalan","target",30,"background","female",18,"Catalan, Spanish"
"348","C04_T_30_B",3485,0.0186827241931035,0,NA,NA,NA,NA,NA,NA,4,"Catalan","target",30,"background","female",18,"Catalan, Spanish"
"349","C04_T_30_B",3495,0.0232980950623925,0,NA,NA,NA,NA,NA,NA,4,"Catalan","target",30,"background","female",18,"Catalan, Spanish"
"350","C04_T_30_B",3505,0.0297587252520694,0,NA,NA,NA,NA,NA,NA,4,"Catalan","target",30,"background","female",18,"Catalan, Spanish"
"351","C04_T_30_B",3515,0.0378807356534853,0,NA,NA,NA,NA,NA,NA,4,"Catalan","target",30,"background","female",18,"Catalan, Spanish"
"352","C04_T_30_B",3525,0.0472398905808016,0,NA,NA,NA,NA,NA,NA,4,"Catalan","target",30,"background","female",18,"Catalan, Spanish"
"353","C04_T_30_B",3535,0.0572468999344465,0,NA,NA,NA,NA,NA,NA,4,"Catalan","target",30,"background","female",18,"Catalan, Spanish"
"354","C04_T_30_B",3545,0.0672668204234857,0,NA,NA,NA,NA,NA,NA,4,"Catalan","target",30,"background","female",18,"Catalan, Spanish"
"355","C04_T_30_B",3555,0.0766556016878202,0,NA,NA,NA,NA,NA,NA,4,"Catalan","target",30,"background","female",18,"Catalan, Spanish"
"356","C04_T_30_B",3565,0.0848000954659355,229.353744506836,NA,NA,NA,NA,NA,NA,4,"Catalan","target",30,"background","female",18,"Catalan, Spanish"
"357","C04_T_30_B",3575,0.0911820706186586,224.614791870117,NA,NA,NA,NA,NA,NA,4,"Catalan","target",30,"background","female",18,"Catalan, Spanish"
"358","C04_T_30_B",3585,0.0954464544141017,221.755981445312,NA,NA,NA,NA,NA,NA,4,"Catalan","target",30,"background","female",18,"Catalan, Spanish"
"359","C04_T_30_B",3595,0.0974726680824131,217.780868530273,NA,NA,NA,NA,NA,NA,4,"Catalan","target",30,"background","female",18,"Catalan, Spanish"
"360","C04_T_30_B",3605,0.097365789570403,215.236709594727,NA,NA,NA,NA,NA,NA,4,"Catalan","target",30,"background","female",18,"Catalan, Spanish"
"361","C04_T_30_B",3615,0.0953895100081281,0,NA,NA,NA,NA,NA,NA,4,"Catalan","target",30,"background","female",18,"Catalan, Spanish"
"362","C04_T_30_B",3625,0.0919719495782375,215.364059448242,NA,NA,NA,NA,NA,NA,4,"Catalan","target",30,"background","female",18,"Catalan, Spanish"
"363","C04_T_30_B",3635,0.0877185724638954,216.046020507812,NA,NA,NA,NA,NA,NA,4,"Catalan","target",30,"background","female",18,"Catalan, Spanish"
"364","C04_T_30_B",3645,0.0832930489308006,213.119979858398,NA,NA,NA,NA,NA,NA,4,"Catalan","target",30,"background","female",18,"Catalan, Spanish"
"365","C04_T_30_B",3655,0.0792669822545286,211.27360534668,NA,NA,NA,NA,NA,NA,4,"Catalan","target",30,"background","female",18,"Catalan, Spanish"
"366","C04_T_30_B",3665,0.0760137574309882,209.481521606445,NA,NA,NA,NA,NA,NA,4,"Catalan","target",30,"background","female",18,"Catalan, Spanish"
"367","C04_T_30_B",3675,0.0736504322238304,205.568634033203,NA,NA,NA,NA,NA,NA,4,"Catalan","target",30,"background","female",18,"Catalan, Spanish"
"368","C04_T_30_B",3685,0.0720643247507509,210.35986328125,NA,NA,NA,NA,NA,NA,4,"Catalan","target",30,"background","female",18,"Catalan, Spanish"
"369","C04_T_30_B",3695,0.0710184349876531,209.224609375,NA,NA,NA,NA,NA,NA,4,"Catalan","target",30,"background","female",18,"Catalan, Spanish"
"370","C04_T_30_B",3705,0.0702815034591269,208.447387695312,NA,NA,NA,NA,NA,NA,4,"Catalan","target",30,"background","female",18,"Catalan, Spanish"
"371","C04_T_30_B",3715,0.069667670972106,207.156982421875,NA,NA,NA,NA,NA,NA,4,"Catalan","target",30,"background","female",18,"Catalan, Spanish"
"372","C04_T_30_B",3725,0.0690472408365871,207.895950317383,NA,NA,NA,NA,NA,NA,4,"Catalan","target",30,"background","female",18,"Catalan, Spanish"
"373","C04_T_30_B",3735,0.0683267969057181,203.631286621094,NA,NA,NA,NA,NA,NA,4,"Catalan","target",30,"background","female",18,"Catalan, Spanish"
"374","C04_T_30_B",3745,0.0674143929360995,204.610366821289,NA,NA,NA,NA,NA,NA,4,"Catalan","target",30,"background","female",18,"Catalan, Spanish"
"375","C04_T_30_B",3755,0.0662449633198458,206.109069824219,NA,NA,NA,NA,NA,NA,4,"Catalan","target",30,"background","female",18,"Catalan, Spanish"
"376","C04_T_30_B",3765,0.064788313599138,0,NA,NA,NA,NA,NA,NA,4,"Catalan","target",30,"background","female",18,"Catalan, Spanish"
"377","C04_T_30_B",3775,0.0630467574152192,408.71923828125,NA,NA,NA,NA,NA,NA,4,"Catalan","target",30,"background","female",18,"Catalan, Spanish"
"378","C04_T_30_B",3785,0.0610685309411994,405.991424560547,NA,NA,NA,NA,NA,NA,4,"Catalan","target",30,"background","female",18,"Catalan, Spanish"
"379","C04_T_30_B",3795,0.0589375525715772,294.335418701172,NA,NA,NA,NA,NA,NA,4,"Catalan","target",30,"background","female",18,"Catalan, Spanish"
"380","C04_T_30_B",3805,0.0567840342213669,204.521270751953,NA,NA,NA,NA,NA,NA,4,"Catalan","target",30,"background","female",18,"Catalan, Spanish"
"381","C04_T_30_B",3815,0.0547988851738671,202.811782836914,NA,NA,NA,NA,NA,NA,4,"Catalan","target",30,"background","female",18,"Catalan, Spanish"
"382","C04_T_30_B",3825,0.0531450219663775,0,NA,NA,NA,NA,NA,NA,4,"Catalan","target",30,"background","female",18,"Catalan, Spanish"
"383","C04_T_30_B",3835,0.0518805613438725,0,NA,NA,NA,NA,NA,NA,4,"Catalan","target",30,"background","female",18,"Catalan, Spanish"
"384","C04_T_30_B",3845,0.0510110928210926,101.162368774414,NA,NA,NA,NA,NA,NA,4,"Catalan","target",30,"background","female",18,"Catalan, Spanish"
"385","C04_T_30_B",3855,0.0505350644793207,101.254028320312,NA,NA,NA,NA,NA,NA,4,"Catalan","target",30,"background","female",18,"Catalan, Spanish"
"386","C04_T_30_B",3865,0.0503968684418072,102.325820922852,NA,NA,NA,NA,NA,NA,4,"Catalan","target",30,"background","female",18,"Catalan, Spanish"
"387","C04_T_30_B",3875,0.0504264580244975,0,NA,NA,NA,NA,NA,NA,4,"Catalan","target",30,"background","female",18,"Catalan, Spanish"
"388","C04_T_30_B",3885,0.0503662951538438,0,NA,NA,NA,NA,NA,NA,4,"Catalan","target",30,"background","female",18,"Catalan, Spanish"
"389","C04_T_30_B",3895,0.0499846097882227,0,NA,NA,NA,NA,NA,NA,4,"Catalan","target",30,"background","female",18,"Catalan, Spanish"
"390","C04_T_30_B",3905,0.0491432586104514,0,NA,NA,NA,NA,NA,NA,4,"Catalan","target",30,"background","female",18,"Catalan, Spanish"
"391","C04_T_30_B",3915,0.047776390678347,0,NA,NA,NA,NA,NA,NA,4,"Catalan","target",30,"background","female",18,"Catalan, Spanish"
"392","C04_T_30_B",3925,0.0458948154699353,0,NA,NA,NA,NA,NA,NA,4,"Catalan","target",30,"background","female",18,"Catalan, Spanish"
"393","C04_T_30_B",3935,0.043595355281111,0,NA,NA,NA,NA,NA,NA,4,"Catalan","target",30,"background","female",18,"Catalan, Spanish"
"394","C04_T_30_B",3945,0.0410252835913159,0,NA,NA,NA,NA,NA,NA,4,"Catalan","target",30,"background","female",18,"Catalan, Spanish"
"395","C04_T_30_B",3955,0.0383554266384205,0,NA,NA,NA,NA,NA,NA,4,"Catalan","target",30,"background","female",18,"Catalan, Spanish"
"396","C04_T_30_B",3965,0.0357662337338831,0,NA,NA,NA,NA,NA,NA,4,"Catalan","target",30,"background","female",18,"Catalan, Spanish"
"397","C04_T_30_B",3975,0.0334216027936246,0,NA,NA,NA,NA,NA,NA,4,"Catalan","target",30,"background","female",18,"Catalan, Spanish"
"398","C04_T_30_B",3985,0.0314368012486188,0,NA,NA,NA,NA,NA,NA,4,"Catalan","target",30,"background","female",18,"Catalan, Spanish"
"399","C04_T_30_B",3995,0.0298516942131613,0,NA,NA,NA,NA,NA,NA,4,"Catalan","target",30,"background","female",18,"Catalan, Spanish"
"400","C04_T_30_B",4005,0.0286279136948465,0,NA,NA,NA,NA,NA,NA,4,"Catalan","target",30,"background","female",18,"Catalan, Spanish"
"401","C04_T_30_B",4015,0.0276914676396462,0,NA,NA,NA,NA,NA,NA,4,"Catalan","target",30,"background","female",18,"Catalan, Spanish"
"402","C04_T_30_B",4025,0.0269678529420933,0,NA,NA,NA,NA,NA,NA,4,"Catalan","target",30,"background","female",18,"Catalan, Spanish"
"403","C04_T_30_B",4035,0.0263803545914192,0,NA,NA,NA,NA,NA,NA,4,"Catalan","target",30,"background","female",18,"Catalan, Spanish"
"404","C04_T_30_B",4045,0.0258402663165877,0,NA,NA,NA,NA,NA,NA,4,"Catalan","target",30,"background","female",18,"Catalan, Spanish"
"405","C04_T_30_B",4055,0.025245809364648,0,NA,NA,NA,NA,NA,NA,4,"Catalan","target",30,"background","female",18,"Catalan, Spanish"
"406","C04_T_30_B",4065,0.0245163358068365,0,NA,NA,NA,NA,NA,NA,4,"Catalan","target",30,"background","female",18,"Catalan, Spanish"
"407","C04_T_30_B",4075,0.0236367262360671,0,NA,NA,NA,NA,NA,NA,4,"Catalan","target",30,"background","female",18,"Catalan, Spanish"
"408","C04_T_30_B",4085,0.0226567297118249,0,NA,NA,NA,NA,NA,NA,4,"Catalan","target",30,"background","female",18,"Catalan, Spanish"
"409","C04_T_30_B",4095,0.0216398201806365,0,NA,NA,NA,NA,NA,NA,4,"Catalan","target",30,"background","female",18,"Catalan, Spanish"
"410","C04_T_30_B",4105,0.0206497395049466,0,NA,NA,NA,NA,NA,NA,4,"Catalan","target",30,"background","female",18,"Catalan, Spanish"
"411","C04_T_30_B",4115,0.0197596191500822,0,NA,NA,NA,NA,NA,NA,4,"Catalan","target",30,"background","female",18,"Catalan, Spanish"
"412","C04_T_30_B",4125,0.0190065313317454,0,NA,NA,NA,NA,NA,NA,4,"Catalan","target",30,"background","female",18,"Catalan, Spanish"
"413","C04_T_30_B",4135,0.0183777185035972,0,NA,NA,NA,NA,NA,NA,4,"Catalan","target",30,"background","female",18,"Catalan, Spanish"
"414","C04_T_30_B",4145,0.0178388205201946,0,NA,NA,NA,NA,NA,NA,4,"Catalan","target",30,"background","female",18,"Catalan, Spanish"
"415","C04_T_30_B",4155,0.0173487480677902,0,NA,NA,NA,NA,NA,NA,4,"Catalan","target",30,"background","female",18,"Catalan, Spanish"
"416","C04_T_30_B",4165,0.0168865409256661,0,NA,NA,NA,NA,NA,NA,4,"Catalan","target",30,"background","female",18,"Catalan, Spanish"
"417","C04_T_30_B",4175,0.0164587990811489,0,NA,NA,NA,NA,NA,NA,4,"Catalan","target",30,"background","female",18,"Catalan, Spanish"
"418","C04_T_30_B",4185,0.0160739163119399,0,NA,NA,NA,NA,NA,NA,4,"Catalan","target",30,"background","female",18,"Catalan, Spanish"
"419","C04_T_30_B",4195,0.0157478999682805,0,NA,NA,NA,NA,NA,NA,4,"Catalan","target",30,"background","female",18,"Catalan, Spanish"
"420","C04_T_30_B",4205,0.0155082804671405,0,NA,NA,NA,NA,NA,NA,4,"Catalan","target",30,"background","female",18,"Catalan, Spanish"
"421","C04_T_30_B",4215,0.0153599097222748,0,NA,NA,NA,NA,NA,NA,4,"Catalan","target",30,"background","female",18,"Catalan, Spanish"
"422","C04_T_30_B",4225,0.0152835319237172,0,NA,NA,NA,NA,NA,NA,4,"Catalan","target",30,"background","female",18,"Catalan, Spanish"
"423","C04_T_30_B",4235,0.0152695679662445,0,NA,NA,NA,NA,NA,NA,4,"Catalan","target",30,"background","female",18,"Catalan, Spanish"
"424","C04_T_30_B",4245,0.0153165558106652,0,NA,NA,NA,NA,NA,NA,4,"Catalan","target",30,"background","female",18,"Catalan, Spanish"
"425","C04_T_30_B",4255,0.0154110994238796,0,NA,NA,NA,NA,NA,NA,4,"Catalan","target",30,"background","female",18,"Catalan, Spanish"
"426","C04_T_30_B",4265,0.0155281235144638,0,NA,NA,NA,NA,NA,NA,4,"Catalan","target",30,"background","female",18,"Catalan, Spanish"
"427","C04_T_30_B",4275,0.0156309416277398,0,NA,NA,NA,NA,NA,NA,4,"Catalan","target",30,"background","female",18,"Catalan, Spanish"
"428","C04_T_30_B",4285,0.0156795169871423,0,NA,NA,NA,NA,NA,NA,4,"Catalan","target",30,"background","female",18,"Catalan, Spanish"
"429","C04_T_30_B",4295,0.0156572756079609,0,NA,NA,NA,NA,NA,NA,4,"Catalan","target",30,"background","female",18,"Catalan, Spanish"
"430","C04_T_30_B",4305,0.0155547800269977,0,NA,NA,NA,NA,NA,NA,4,"Catalan","target",30,"background","female",18,"Catalan, Spanish"
"431","C04_T_30_B",4315,0.0153506951035006,0,NA,NA,NA,NA,NA,NA,4,"Catalan","target",30,"background","female",18,"Catalan, Spanish"
"432","C04_T_30_B",4325,0.015048164839697,0,NA,NA,NA,NA,NA,NA,4,"Catalan","target",30,"background","female",18,"Catalan, Spanish"
"433","C04_T_30_B",4335,0.0146847840907424,0,NA,NA,NA,NA,NA,NA,4,"Catalan","target",30,"background","female",18,"Catalan, Spanish"
"434","C04_T_30_B",4345,0.014311723339049,0,NA,NA,NA,NA,NA,NA,4,"Catalan","target",30,"background","female",18,"Catalan, Spanish"
"435","C04_T_30_B",4355,0.0139893944792622,0,NA,NA,NA,NA,NA,NA,4,"Catalan","target",30,"background","female",18,"Catalan, Spanish"
"436","C04_T_30_B",4365,0.01374275930586,0,NA,NA,NA,NA,NA,NA,4,"Catalan","target",30,"background","female",18,"Catalan, Spanish"
"437","C04_T_30_B",4375,0.0135719473327155,0,NA,NA,NA,NA,NA,NA,4,"Catalan","target",30,"background","female",18,"Catalan, Spanish"
"438","C04_T_30_B",4385,0.013498401168714,0,NA,NA,NA,NA,NA,NA,4,"Catalan","target",30,"background","female",18,"Catalan, Spanish"
"439","C04_T_30_B",4395,0.0135331460161769,0,NA,NA,NA,NA,NA,NA,4,"Catalan","target",30,"background","female",18,"Catalan, Spanish"
"440","C04_T_30_B",4405,0.013652404949737,0,NA,NA,NA,NA,NA,NA,4,"Catalan","target",30,"background","female",18,"Catalan, Spanish"
"441","C04_T_30_B",4415,0.01381980456509,0,NA,NA,NA,NA,NA,NA,4,"Catalan","target",30,"background","female",18,"Catalan, Spanish"
"442","C04_T_30_B",4425,0.0140020423493754,0,NA,NA,NA,NA,NA,NA,4,"Catalan","target",30,"background","female",18,"Catalan, Spanish"
"443","C04_T_30_B",4435,0.0141579710360637,0,NA,NA,NA,NA,NA,NA,4,"Catalan","target",30,"background","female",18,"Catalan, Spanish"
"444","C04_T_30_B",4445,0.0142437522153304,0,NA,NA,NA,NA,NA,NA,4,"Catalan","target",30,"background","female",18,"Catalan, Spanish"
"445","C04_T_30_B",4455,0.0142289669149787,0,NA,NA,NA,NA,NA,NA,4,"Catalan","target",30,"background","female",18,"Catalan, Spanish"
"446","C04_T_30_B",4465,0.0141072693587226,0,NA,NA,NA,NA,NA,NA,4,"Catalan","target",30,"background","female",18,"Catalan, Spanish"
"447","C04_T_30_B",4475,0.01389417493835,0,NA,NA,NA,NA,NA,NA,4,"Catalan","target",30,"background","female",18,"Catalan, Spanish"
"448","C04_T_30_B",4485,0.0136156006116463,0,NA,NA,NA,NA,NA,NA,4,"Catalan","target",30,"background","female",18,"Catalan, Spanish"
"449","C04_T_30_B",4495,0.0133016756348349,0,NA,NA,NA,NA,NA,NA,4,"Catalan","target",30,"background","female",18,"Catalan, Spanish"
"450","C04_T_30_B",4505,0.0129960857550669,0,NA,NA,NA,NA,NA,NA,4,"Catalan","target",30,"background","female",18,"Catalan, Spanish"
"451","C04_T_30_B",4515,0.012753600947454,0,NA,NA,NA,NA,NA,NA,4,"Catalan","target",30,"background","female",18,"Catalan, Spanish"
"452","C04_T_30_B",4525,0.012611036400182,0,NA,NA,NA,NA,NA,NA,4,"Catalan","target",30,"background","female",18,"Catalan, Spanish"
"453","C04_T_30_B",4535,0.0125789424890451,0,NA,NA,NA,NA,NA,NA,4,"Catalan","target",30,"background","female",18,"Catalan, Spanish"
"454","C04_T_30_B",4545,0.0126536217667622,0,NA,NA,NA,NA,NA,NA,4,"Catalan","target",30,"background","female",18,"Catalan, Spanish"
"455","C04_T_30_B",4555,0.012821084724009,0,NA,NA,NA,NA,NA,NA,4,"Catalan","target",30,"background","female",18,"Catalan, Spanish"
"456","C04_T_30_B",4565,0.0130607377844,0,NA,NA,NA,NA,NA,NA,4,"Catalan","target",30,"background","female",18,"Catalan, Spanish"
"457","C04_T_30_B",4575,0.0133480802320844,0,NA,NA,NA,NA,NA,NA,4,"Catalan","target",30,"background","female",18,"Catalan, Spanish"
"458","C04_T_30_B",4585,0.013655594664628,0,NA,NA,NA,NA,NA,NA,4,"Catalan","target",30,"background","female",18,"Catalan, Spanish"
"459","C04_T_30_B",4595,0.0139649576191631,0,NA,NA,NA,NA,NA,NA,4,"Catalan","target",30,"background","female",18,"Catalan, Spanish"
"460","C04_T_30_B",4605,0.0142643049027699,0,NA,NA,NA,NA,NA,NA,4,"Catalan","target",30,"background","female",18,"Catalan, Spanish"
"461","C04_T_30_B",4615,0.0145426604879684,0,NA,NA,NA,NA,NA,NA,4,"Catalan","target",30,"background","female",18,"Catalan, Spanish"
"462","C04_T_30_B",4625,0.014802320985041,0,NA,NA,NA,NA,NA,NA,4,"Catalan","target",30,"background","female",18,"Catalan, Spanish"
"463","C04_T_30_B",4635,0.0150489382793757,0,NA,NA,NA,NA,NA,NA,4,"Catalan","target",30,"background","female",18,"Catalan, Spanish"
"464","C04_T_30_B",4645,0.0152796185776987,0,NA,NA,NA,NA,NA,NA,4,"Catalan","target",30,"background","female",18,"Catalan, Spanish"
"465","C04_T_30_B",4655,0.0154886951813336,0,NA,NA,NA,NA,NA,NA,4,"Catalan","target",30,"background","female",18,"Catalan, Spanish"
"466","C04_T_30_B",4665,0.0156621644474206,0,NA,NA,NA,NA,NA,NA,4,"Catalan","target",30,"background","female",18,"Catalan, Spanish"
"467","C04_T_30_B",4675,0.0157873451109352,0,NA,NA,NA,NA,NA,NA,4,"Catalan","target",30,"background","female",18,"Catalan, Spanish"
"468","C04_T_30_B",4685,0.015859844259488,0,NA,NA,NA,NA,NA,NA,4,"Catalan","target",30,"background","female",18,"Catalan, Spanish"
"469","C04_T_30_B",4695,0.0158737109522685,0,NA,NA,NA,NA,NA,NA,4,"Catalan","target",30,"background","female",18,"Catalan, Spanish"
"470","C04_T_30_B",4705,0.0158258006753878,0,NA,NA,NA,NA,NA,NA,4,"Catalan","target",30,"background","female",18,"Catalan, Spanish"
"471","C04_T_30_B",4715,0.0157291180607078,0,NA,NA,NA,NA,NA,NA,4,"Catalan","target",30,"background","female",18,"Catalan, Spanish"
"472","C04_T_30_B",4725,0.0156173652321826,0,NA,NA,NA,NA,NA,NA,4,"Catalan","target",30,"background","female",18,"Catalan, Spanish"
"473","C04_T_30_B",4735,0.0155253478892043,0,NA,NA,NA,NA,NA,NA,4,"Catalan","target",30,"background","female",18,"Catalan, Spanish"
"474","C04_T_30_B",4745,0.0154733247601394,0,NA,NA,NA,NA,NA,NA,4,"Catalan","target",30,"background","female",18,"Catalan, Spanish"
"475","C04_T_30_B",4755,0.0154632222687201,0,NA,NA,NA,NA,NA,NA,4,"Catalan","target",30,"background","female",18,"Catalan, Spanish"
"476","C04_T_30_B",4765,0.0154862409372821,0,NA,NA,NA,NA,NA,NA,4,"Catalan","target",30,"background","female",18,"Catalan, Spanish"
"477","C04_T_30_B",4775,0.0155287623453228,0,NA,NA,NA,NA,NA,NA,4,"Catalan","target",30,"background","female",18,"Catalan, Spanish"
"478","C04_T_30_B",4785,0.0155686470345985,0,NA,NA,NA,NA,NA,NA,4,"Catalan","target",30,"background","female",18,"Catalan, Spanish"
"479","C04_T_30_B",4795,0.0155687992608644,0,NA,NA,NA,NA,NA,NA,4,"Catalan","target",30,"background","female",18,"Catalan, Spanish"
"480","C04_T_30_B",4805,0.0155003078118508,0,NA,NA,NA,NA,NA,NA,4,"Catalan","target",30,"background","female",18,"Catalan, Spanish"
"481","C04_T_30_B",4815,0.0153546389426482,0,NA,NA,NA,NA,NA,NA,4,"Catalan","target",30,"background","female",18,"Catalan, Spanish"
"482","C04_T_30_B",4825,0.0151154675363682,0,NA,NA,NA,NA,NA,NA,4,"Catalan","target",30,"background","female",18,"Catalan, Spanish"
"483","C04_T_30_B",4835,0.014774243371414,0,NA,NA,NA,NA,NA,NA,4,"Catalan","target",30,"background","female",18,"Catalan, Spanish"
"484","C04_T_30_B",4845,0.0143555264434756,0,NA,NA,NA,NA,NA,NA,4,"Catalan","target",30,"background","female",18,"Catalan, Spanish"
"485","C04_T_30_B",4855,0.0138971666012858,0,NA,NA,NA,NA,NA,NA,4,"Catalan","target",30,"background","female",18,"Catalan, Spanish"
"486","C04_T_30_B",4865,0.0134351550625661,0,NA,NA,NA,NA,NA,NA,4,"Catalan","target",30,"background","female",18,"Catalan, Spanish"
"487","C04_T_30_B",4875,0.0130096794950623,0,NA,NA,NA,NA,NA,NA,4,"Catalan","target",30,"background","female",18,"Catalan, Spanish"
"488","C04_T_30_B",4885,0.0126695747599868,0,NA,NA,NA,NA,NA,NA,4,"Catalan","target",30,"background","female",18,"Catalan, Spanish"
"489","C04_T_30_B",4895,0.0124509982268736,0,NA,NA,NA,NA,NA,NA,4,"Catalan","target",30,"background","female",18,"Catalan, Spanish"
"490","C04_T_30_B",4905,0.0123572717786946,0,NA,NA,NA,NA,NA,NA,4,"Catalan","target",30,"background","female",18,"Catalan, Spanish"
"491","C04_T_30_B",4915,0.012360400170686,0,NA,NA,NA,NA,NA,NA,4,"Catalan","target",30,"background","female",18,"Catalan, Spanish"
"492","C04_T_30_B",4925,0.0124053173066732,0,NA,NA,NA,NA,NA,NA,4,"Catalan","target",30,"background","female",18,"Catalan, Spanish"
"493","C04_T_30_B",4935,0.01243323498269,0,NA,NA,NA,NA,NA,NA,4,"Catalan","target",30,"background","female",18,"Catalan, Spanish"
"494","C04_T_30_B",4945,0.0123977544741853,0,NA,NA,NA,NA,NA,NA,4,"Catalan","target",30,"background","female",18,"Catalan, Spanish"
"495","C04_T_30_B",4955,0.0122755597047848,0,NA,NA,NA,NA,NA,NA,4,"Catalan","target",30,"background","female",18,"Catalan, Spanish"
"496","C04_T_30_B",4965,0.0120781150044063,0,NA,NA,NA,NA,NA,NA,4,"Catalan","target",30,"background","female",18,"Catalan, Spanish"
"497","C04_T_30_B",4975,0.0118304695331664,0,NA,NA,NA,NA,NA,NA,4,"Catalan","target",30,"background","female",18,"Catalan, Spanish"
"498","C04_T_30_B",4985,0.0115628602370206,0,NA,NA,NA,NA,NA,NA,4,"Catalan","target",30,"background","female",18,"Catalan, Spanish"
"499","C04_T_30_B",4995,0.0113183087835237,0,NA,NA,NA,NA,NA,NA,4,"Catalan","target",30,"background","female",18,"Catalan, Spanish"
"500","C04_T_30_B",5005,0.0111279340217167,0,NA,NA,NA,NA,NA,NA,4,"Catalan","target",30,"background","female",18,"Catalan, Spanish"
"501","C04_T_30_B",5015,0.0110092485785446,0,NA,NA,NA,NA,NA,NA,4,"Catalan","target",30,"background","female",18,"Catalan, Spanish"
"502","C04_T_30_B",5025,0.0109778405793648,150.0791015625,NA,NA,NA,NA,NA,NA,4,"Catalan","target",30,"background","female",18,"Catalan, Spanish"
"503","C04_T_30_B",5035,0.0110304951882487,142.471771240234,NA,NA,NA,NA,NA,NA,4,"Catalan","target",30,"background","female",18,"Catalan, Spanish"
"504","C04_T_30_B",5045,0.0111417608522969,0,NA,NA,NA,NA,NA,NA,4,"Catalan","target",30,"background","female",18,"Catalan, Spanish"
"505","C04_T_30_B",5055,0.0112839553664714,0,NA,NA,NA,NA,NA,NA,4,"Catalan","target",30,"background","female",18,"Catalan, Spanish"
"506","C04_T_30_B",5065,0.0114304962520997,0,NA,NA,NA,NA,NA,NA,4,"Catalan","target",30,"background","female",18,"Catalan, Spanish"
"507","C04_T_30_B",5075,0.0115503908278558,0,NA,NA,NA,NA,NA,NA,4,"Catalan","target",30,"background","female",18,"Catalan, Spanish"
"508","C04_T_30_B",5085,0.0116159593937007,0,NA,NA,NA,NA,NA,NA,4,"Catalan","target",30,"background","female",18,"Catalan, Spanish"
"509","C04_T_30_B",5095,0.011622543905557,0,NA,NA,NA,NA,NA,NA,4,"Catalan","target",30,"background","female",18,"Catalan, Spanish"
"510","C04_T_30_B",5105,0.0115867105077724,0,NA,NA,NA,NA,NA,NA,4,"Catalan","target",30,"background","female",18,"Catalan, Spanish"
"511","C04_T_30_B",5115,0.011524563860924,0,NA,NA,NA,NA,NA,NA,4,"Catalan","target",30,"background","female",18,"Catalan, Spanish"
"512","C04_T_30_B",5125,0.0114573958984079,0,NA,NA,NA,NA,NA,NA,4,"Catalan","target",30,"background","female",18,"Catalan, Spanish"
"513","C04_T_30_B",5135,0.0114130146270267,0,NA,NA,NA,NA,NA,NA,4,"Catalan","target",30,"background","female",18,"Catalan, Spanish"
"514","C04_T_30_B",5145,0.0114146482333899,0,NA,NA,NA,NA,NA,NA,4,"Catalan","target",30,"background","female",18,"Catalan, Spanish"
"515","C04_T_30_B",5155,0.0114814498149139,0,NA,NA,NA,NA,NA,NA,4,"Catalan","target",30,"background","female",18,"Catalan, Spanish"
"516","C04_T_30_B",5165,0.0116312632831084,0,NA,NA,NA,NA,NA,NA,4,"Catalan","target",30,"background","female",18,"Catalan, Spanish"
"517","C04_T_30_B",5175,0.0118778623862462,0,NA,NA,NA,NA,NA,NA,4,"Catalan","target",30,"background","female",18,"Catalan, Spanish"
"518","C04_T_30_B",5185,0.0122071146887172,0,NA,NA,NA,NA,NA,NA,4,"Catalan","target",30,"background","female",18,"Catalan, Spanish"
"519","C04_T_30_B",5195,0.0125714879050287,0,NA,NA,NA,NA,NA,NA,4,"Catalan","target",30,"background","female",18,"Catalan, Spanish"
"520","C04_T_30_B",5205,0.0129258819428543,0,NA,NA,NA,NA,NA,NA,4,"Catalan","target",30,"background","female",18,"Catalan, Spanish"
"521","C04_T_30_B",5215,0.0132423599027208,0,NA,NA,NA,NA,NA,NA,4,"Catalan","target",30,"background","female",18,"Catalan, Spanish"
"522","C04_T_30_B",5225,0.0135131137506871,0,NA,NA,NA,NA,NA,NA,4,"Catalan","target",30,"background","female",18,"Catalan, Spanish"
"523","C04_T_30_B",5235,0.0137559805276476,0,NA,NA,NA,NA,NA,NA,4,"Catalan","target",30,"background","female",18,"Catalan, Spanish"
"524","C04_T_30_B",5245,0.0139923773560808,0,NA,NA,NA,NA,NA,NA,4,"Catalan","target",30,"background","female",18,"Catalan, Spanish"
"525","C04_T_30_B",5255,0.0142360256185504,0,NA,NA,NA,NA,NA,NA,4,"Catalan","target",30,"background","female",18,"Catalan, Spanish"
"526","C04_T_30_B",5265,0.0145002576624142,0,NA,NA,NA,NA,NA,NA,4,"Catalan","target",30,"background","female",18,"Catalan, Spanish"
"527","C04_T_30_B",5275,0.0147976135347277,0,NA,NA,NA,NA,NA,NA,4,"Catalan","target",30,"background","female",18,"Catalan, Spanish"
"528","C04_T_30_B",5285,0.0151295091641813,0,NA,NA,NA,NA,NA,NA,4,"Catalan","target",30,"background","female",18,"Catalan, Spanish"
"529","C04_T_30_B",5295,0.0154753164769567,0,NA,NA,NA,NA,NA,NA,4,"Catalan","target",30,"background","female",18,"Catalan, Spanish"
"530","C04_T_30_B",5305,0.0157964833722168,0,NA,NA,NA,NA,NA,NA,4,"Catalan","target",30,"background","female",18,"Catalan, Spanish"
"531","C04_T_30_B",5315,0.0160533882149385,0,NA,NA,NA,NA,NA,NA,4,"Catalan","target",30,"background","female",18,"Catalan, Spanish"
"532","C04_T_30_B",5325,0.016216314688455,0,NA,NA,NA,NA,NA,NA,4,"Catalan","target",30,"background","female",18,"Catalan, Spanish"
"533","C04_T_30_B",5335,0.016275965854531,0,NA,NA,NA,NA,NA,NA,4,"Catalan","target",30,"background","female",18,"Catalan, Spanish"
"534","C04_T_30_B",5345,0.0162390737103945,0,NA,NA,NA,NA,NA,NA,4,"Catalan","target",30,"background","female",18,"Catalan, Spanish"
"535","C04_T_30_B",5355,0.0161063801609246,0,NA,NA,NA,NA,NA,NA,4,"Catalan","target",30,"background","female",18,"Catalan, Spanish"
"536","C04_T_30_B",5365,0.0158742861163637,0,NA,NA,NA,NA,NA,NA,4,"Catalan","target",30,"background","female",18,"Catalan, Spanish"
"537","C04_T_30_B",5375,0.015552623863274,0,NA,NA,NA,NA,NA,NA,4,"Catalan","target",30,"background","female",18,"Catalan, Spanish"
"538","C04_T_30_B",5385,0.0151891132624611,0,NA,NA,NA,NA,NA,NA,4,"Catalan","target",30,"background","female",18,"Catalan, Spanish"
"539","C04_T_30_B",5395,0.0148499209298158,0,NA,NA,NA,NA,NA,NA,4,"Catalan","target",30,"background","female",18,"Catalan, Spanish"
"540","C04_T_30_B",5405,0.0145909246934273,0,NA,NA,NA,NA,NA,NA,4,"Catalan","target",30,"background","female",18,"Catalan, Spanish"
"541","C04_T_30_B",5415,0.0144454418636868,0,NA,NA,NA,NA,NA,NA,4,"Catalan","target",30,"background","female",18,"Catalan, Spanish"
"542","C04_T_30_B",5425,0.0144189243161441,0,NA,NA,NA,NA,NA,NA,4,"Catalan","target",30,"background","female",18,"Catalan, Spanish"
"543","C04_T_30_B",5435,0.014497007538207,0,NA,NA,NA,NA,NA,NA,4,"Catalan","target",30,"background","female",18,"Catalan, Spanish"
"544","C04_T_30_B",5445,0.0146470659460974,0,NA,NA,NA,NA,NA,NA,4,"Catalan","target",30,"background","female",18,"Catalan, Spanish"
"545","C04_T_30_B",5455,0.0148223750677763,0,NA,NA,NA,NA,NA,NA,4,"Catalan","target",30,"background","female",18,"Catalan, Spanish"
"546","C04_T_30_B",5465,0.0149709179864653,0,NA,NA,NA,NA,NA,NA,4,"Catalan","target",30,"background","female",18,"Catalan, Spanish"
"547","C04_T_30_B",5475,0.0150432247149736,0,NA,NA,NA,NA,NA,NA,4,"Catalan","target",30,"background","female",18,"Catalan, Spanish"
"548","C04_T_30_B",5485,0.0150070872611714,0,NA,NA,NA,NA,NA,NA,4,"Catalan","target",30,"background","female",18,"Catalan, Spanish"
"549","C04_T_30_B",5495,0.0148601031205776,0,NA,NA,NA,NA,NA,NA,4,"Catalan","target",30,"background","female",18,"Catalan, Spanish"
"550","C04_T_30_B",5505,0.0146188191349305,0,NA,NA,NA,NA,NA,NA,4,"Catalan","target",30,"background","female",18,"Catalan, Spanish"
"551","C04_T_30_B",5515,0.0143145725363993,0,NA,NA,NA,NA,NA,NA,4,"Catalan","target",30,"background","female",18,"Catalan, Spanish"
"552","C04_T_30_B",5525,0.0139837178149127,0,NA,NA,NA,NA,NA,NA,4,"Catalan","target",30,"background","female",18,"Catalan, Spanish"
"553","C04_T_30_B",5535,0.0136568443341098,0,NA,NA,NA,NA,NA,NA,4,"Catalan","target",30,"background","female",18,"Catalan, Spanish"
"554","C04_T_30_B",5545,0.0133736440103796,237.667877197266,NA,NA,NA,NA,NA,NA,4,"Catalan","target",30,"background","female",18,"Catalan, Spanish"
"555","C04_T_30_B",5555,0.0131763647845955,235.688858032227,NA,NA,NA,NA,NA,NA,4,"Catalan","target",30,"background","female",18,"Catalan, Spanish"
"556","C04_T_30_B",5565,0.0130889130529673,0,NA,NA,NA,NA,NA,NA,4,"Catalan","target",30,"background","female",18,"Catalan, Spanish"
"557","C04_T_30_B",5575,0.0131094836833334,0,NA,NA,NA,NA,NA,NA,4,"Catalan","target",30,"background","female",18,"Catalan, Spanish"
"558","C04_T_30_B",5585,0.0132107444616207,0,NA,NA,NA,NA,NA,NA,4,"Catalan","target",30,"background","female",18,"Catalan, Spanish"
"559","C04_T_30_B",5595,0.0133795876875249,0,NA,NA,NA,NA,NA,NA,4,"Catalan","target",30,"background","female",18,"Catalan, Spanish"
"560","C04_T_30_B",5605,0.0136234375410438,0,NA,NA,NA,NA,NA,NA,4,"Catalan","target",30,"background","female",18,"Catalan, Spanish"
"561","C04_T_30_B",5615,0.0139457774548267,0,NA,NA,NA,NA,NA,NA,4,"Catalan","target",30,"background","female",18,"Catalan, Spanish"
"562","C04_T_30_B",5625,0.0143287562834493,0,NA,NA,NA,NA,NA,NA,4,"Catalan","target",30,"background","female",18,"Catalan, Spanish"
"563","C04_T_30_B",5635,0.014727476006532,0,NA,NA,NA,NA,NA,NA,4,"Catalan","target",30,"background","female",18,"Catalan, Spanish"
"564","C04_T_30_B",5645,0.0151025470277956,0,NA,NA,NA,NA,NA,NA,4,"Catalan","target",30,"background","female",18,"Catalan, Spanish"
"565","C04_T_30_B",5655,0.0154327515834414,0,NA,NA,NA,NA,NA,NA,4,"Catalan","target",30,"background","female",18,"Catalan, Spanish"
"566","C04_T_30_B",5665,0.0157087369258189,0,NA,NA,NA,NA,NA,NA,4,"Catalan","target",30,"background","female",18,"Catalan, Spanish"
"567","C04_T_30_B",5675,0.015927633706884,0,NA,NA,NA,NA,NA,NA,4,"Catalan","target",30,"background","female",18,"Catalan, Spanish"
"568","C04_T_30_B",5685,0.0160802546028965,0,NA,NA,NA,NA,NA,NA,4,"Catalan","target",30,"background","female",18,"Catalan, Spanish"
"569","C04_T_30_B",5695,0.0161589062480623,0,NA,NA,NA,NA,NA,NA,4,"Catalan","target",30,"background","female",18,"Catalan, Spanish"
"570","C04_T_30_B",5705,0.016167522379027,0,NA,NA,NA,NA,NA,NA,4,"Catalan","target",30,"background","female",18,"Catalan, Spanish"
"571","C04_T_30_B",5715,0.0161061541787045,0,NA,NA,NA,NA,NA,NA,4,"Catalan","target",30,"background","female",18,"Catalan, Spanish"
"572","C04_T_30_B",5725,0.0159755502073132,0,NA,NA,NA,NA,NA,NA,4,"Catalan","target",30,"background","female",18,"Catalan, Spanish"
"573","C04_T_30_B",5735,0.0157899776798638,0,NA,NA,NA,NA,NA,NA,4,"Catalan","target",30,"background","female",18,"Catalan, Spanish"
"574","C04_T_30_B",5745,0.0155597321527705,0,NA,NA,NA,NA,NA,NA,4,"Catalan","target",30,"background","female",18,"Catalan, Spanish"
"575","C04_T_30_B",5755,0.0152903462145502,0,NA,NA,NA,NA,NA,NA,4,"Catalan","target",30,"background","female",18,"Catalan, Spanish"
"576","C04_T_30_B",5765,0.0149966144161491,0,NA,NA,NA,NA,NA,NA,4,"Catalan","target",30,"background","female",18,"Catalan, Spanish"
"577","C04_T_30_B",5775,0.0146987577891244,0,NA,NA,NA,NA,NA,NA,4,"Catalan","target",30,"background","female",18,"Catalan, Spanish"
"578","C04_T_30_B",5785,0.0144180424503353,0,NA,NA,NA,NA,NA,NA,4,"Catalan","target",30,"background","female",18,"Catalan, Spanish"
"579","C04_T_30_B",5795,0.0141602444592074,0,NA,NA,NA,NA,NA,NA,4,"Catalan","target",30,"background","female",18,"Catalan, Spanish"
"580","C04_T_30_B",5805,0.0139234614381825,0,NA,NA,NA,NA,NA,NA,4,"Catalan","target",30,"background","female",18,"Catalan, Spanish"
"581","C04_T_30_B",5815,0.0137146918228444,0,NA,NA,NA,NA,NA,NA,4,"Catalan","target",30,"background","female",18,"Catalan, Spanish"
"582","C04_T_30_B",5825,0.0135422517382506,0,NA,NA,NA,NA,NA,NA,4,"Catalan","target",30,"background","female",18,"Catalan, Spanish"
"583","C04_T_30_B",5835,0.0134221498817248,0,NA,NA,NA,NA,NA,NA,4,"Catalan","target",30,"background","female",18,"Catalan, Spanish"
"584","C04_T_30_B",5845,0.0133731441449256,0,NA,NA,NA,NA,NA,NA,4,"Catalan","target",30,"background","female",18,"Catalan, Spanish"
"585","C04_T_30_B",5855,0.0133938162573218,0,NA,NA,NA,NA,NA,NA,4,"Catalan","target",30,"background","female",18,"Catalan, Spanish"
"586","C04_T_30_B",5865,0.0134797809157348,0,NA,NA,NA,NA,NA,NA,4,"Catalan","target",30,"background","female",18,"Catalan, Spanish"
"587","C04_T_30_B",5875,0.0136336858936904,0,NA,NA,NA,NA,NA,NA,4,"Catalan","target",30,"background","female",18,"Catalan, Spanish"
"588","C04_T_30_B",5885,0.0138424818130072,0,NA,NA,NA,NA,NA,NA,4,"Catalan","target",30,"background","female",18,"Catalan, Spanish"
"589","C04_T_30_B",5895,0.0140690261880433,0,NA,NA,NA,NA,NA,NA,4,"Catalan","target",30,"background","female",18,"Catalan, Spanish"
"590","C04_T_30_B",5905,0.0142833748730689,0,NA,NA,NA,NA,NA,NA,4,"Catalan","target",30,"background","female",18,"Catalan, Spanish"
"591","C04_T_30_B",5915,0.0144913104037694,0,NA,NA,NA,NA,NA,NA,4,"Catalan","target",30,"background","female",18,"Catalan, Spanish"
"592","C04_T_30_B",5925,0.0146959036919509,0,NA,NA,NA,NA,NA,NA,4,"Catalan","target",30,"background","female",18,"Catalan, Spanish"
"593","C04_T_30_B",5935,0.0148788974341607,0,NA,NA,NA,NA,NA,NA,4,"Catalan","target",30,"background","female",18,"Catalan, Spanish"
"594","C04_T_30_B",5945,0.0150408206963807,0,NA,NA,NA,NA,NA,NA,4,"Catalan","target",30,"background","female",18,"Catalan, Spanish"
"595","C04_T_30_B",5955,0.015204187725915,0,NA,NA,NA,NA,NA,NA,4,"Catalan","target",30,"background","female",18,"Catalan, Spanish"
"596","C04_T_30_B",5965,0.0153992840915287,0,NA,NA,NA,NA,NA,NA,4,"Catalan","target",30,"background","female",18,"Catalan, Spanish"
"597","C04_T_30_B",5975,0.0156398515735772,0,NA,NA,NA,NA,NA,NA,4,"Catalan","target",30,"background","female",18,"Catalan, Spanish"
"598","C04_T_30_B",5985,0.0159034418776592,0,NA,NA,NA,NA,NA,NA,4,"Catalan","target",30,"background","female",18,"Catalan, Spanish"
"599","C04_T_30_B",5995,0.0161598935232224,0,NA,NA,NA,NA,NA,NA,4,"Catalan","target",30,"background","female",18,"Catalan, Spanish"
"600","C04_T_30_B",6005,0.0163698012270527,0,NA,NA,NA,NA,NA,NA,4,"Catalan","target",30,"background","female",18,"Catalan, Spanish"
"601","C04_T_30_B",6015,0.0164813479555811,0,NA,NA,NA,NA,NA,NA,4,"Catalan","target",30,"background","female",18,"Catalan, Spanish"
"602","C04_T_30_B",6025,0.016464587086923,0,NA,NA,NA,NA,NA,NA,4,"Catalan","target",30,"background","female",18,"Catalan, Spanish"
"603","C04_T_30_B",6035,0.0163117766649309,0,NA,NA,NA,NA,NA,NA,4,"Catalan","target",30,"background","female",18,"Catalan, Spanish"
"604","C04_T_30_B",6045,0.0160326712576526,0,NA,NA,NA,NA,NA,NA,4,"Catalan","target",30,"background","female",18,"Catalan, Spanish"
"605","C04_T_30_B",6055,0.0156677128486483,0,NA,NA,NA,NA,NA,NA,4,"Catalan","target",30,"background","female",18,"Catalan, Spanish"
"606","C04_T_30_B",6065,0.0152513357068444,0,NA,NA,NA,NA,NA,NA,4,"Catalan","target",30,"background","female",18,"Catalan, Spanish"
"607","C04_T_30_B",6075,0.0148019448969742,0,NA,NA,NA,NA,NA,NA,4,"Catalan","target",30,"background","female",18,"Catalan, Spanish"
"608","C04_T_30_B",6085,0.0143501154036146,0,NA,NA,NA,NA,NA,NA,4,"Catalan","target",30,"background","female",18,"Catalan, Spanish"
"609","C04_T_30_B",6095,0.0139368521429964,0,NA,NA,NA,NA,NA,NA,4,"Catalan","target",30,"background","female",18,"Catalan, Spanish"
"610","C04_T_30_B",6105,0.0135871668247791,0,NA,NA,NA,NA,NA,NA,4,"Catalan","target",30,"background","female",18,"Catalan, Spanish"
"611","C04_T_30_B",6115,0.0132954043775184,0,NA,NA,NA,NA,NA,NA,4,"Catalan","target",30,"background","female",18,"Catalan, Spanish"
"612","C04_T_30_B",6125,0.0130616422754267,0,NA,NA,NA,NA,NA,NA,4,"Catalan","target",30,"background","female",18,"Catalan, Spanish"
"613","C04_T_30_B",6135,0.0128981154409127,0,NA,NA,NA,NA,NA,NA,4,"Catalan","target",30,"background","female",18,"Catalan, Spanish"
"614","C04_T_30_B",6145,0.0128003122383601,0,NA,NA,NA,NA,NA,NA,4,"Catalan","target",30,"background","female",18,"Catalan, Spanish"
"615","C04_T_30_B",6155,0.0127420564551433,0,NA,NA,NA,NA,NA,NA,4,"Catalan","target",30,"background","female",18,"Catalan, Spanish"
"616","C04_T_30_B",6165,0.0126723465934369,0,NA,NA,NA,NA,NA,NA,4,"Catalan","target",30,"background","female",18,"Catalan, Spanish"
"617","C04_T_30_B",6175,0.0125642751651399,0,NA,NA,NA,NA,NA,NA,4,"Catalan","target",30,"background","female",18,"Catalan, Spanish"
"618","C04_T_30_B",6185,0.0124671777000632,0,NA,NA,NA,NA,NA,NA,4,"Catalan","target",30,"background","female",18,"Catalan, Spanish"
"619","C04_T_30_B",6195,0.0125206168474047,0,NA,NA,NA,NA,NA,NA,4,"Catalan","target",30,"background","female",18,"Catalan, Spanish"
"620","C04_T_30_B",6205,0.0129250663990312,0,NA,NA,NA,NA,NA,NA,4,"Catalan","target",30,"background","female",18,"Catalan, Spanish"
"621","C04_T_30_B",6215,0.0138499407095144,0,NA,NA,NA,NA,NA,NA,4,"Catalan","target",30,"background","female",18,"Catalan, Spanish"
"622","C04_T_30_B",6225,0.0153854439849316,0,NA,NA,NA,NA,NA,NA,4,"Catalan","target",30,"background","female",18,"Catalan, Spanish"
"623","C04_T_30_B",6235,0.0175552074405759,0,NA,NA,NA,NA,NA,NA,4,"Catalan","target",30,"background","female",18,"Catalan, Spanish"
"624","C04_T_30_B",6245,0.0203026973112855,0,NA,NA,NA,NA,NA,NA,4,"Catalan","target",30,"background","female",18,"Catalan, Spanish"
"625","C04_T_30_B",6255,0.0234667393602176,0,NA,NA,NA,NA,NA,NA,4,"Catalan","target",30,"background","female",18,"Catalan, Spanish"
"626","C04_T_30_B",6265,0.0268212080394844,0,NA,NA,NA,NA,NA,NA,4,"Catalan","target",30,"background","female",18,"Catalan, Spanish"
"627","C04_T_30_B",6275,0.0301076461654079,0,NA,NA,NA,NA,NA,NA,4,"Catalan","target",30,"background","female",18,"Catalan, Spanish"
"628","C04_T_30_B",6285,0.0330592003506869,0,NA,NA,NA,NA,NA,NA,4,"Catalan","target",30,"background","female",18,"Catalan, Spanish"
"629","C04_T_30_B",6295,0.0354523333651909,0,NA,NA,NA,NA,NA,NA,4,"Catalan","target",30,"background","female",18,"Catalan, Spanish"
"630","C04_T_30_B",6305,0.0371250878966098,0,NA,NA,NA,NA,NA,NA,4,"Catalan","target",30,"background","female",18,"Catalan, Spanish"
"631","C04_T_30_B",6315,0.0379687739789981,0,NA,NA,NA,NA,NA,NA,4,"Catalan","target",30,"background","female",18,"Catalan, Spanish"
"632","C04_T_30_B",6325,0.0379359491915892,0,NA,NA,NA,NA,NA,NA,4,"Catalan","target",30,"background","female",18,"Catalan, Spanish"
"633","C04_T_30_B",6335,0.0370598288354552,0,NA,NA,NA,NA,NA,NA,4,"Catalan","target",30,"background","female",18,"Catalan, Spanish"
"634","C04_T_30_B",6345,0.0354596259043748,0,NA,NA,NA,NA,NA,NA,4,"Catalan","target",30,"background","female",18,"Catalan, Spanish"
"635","C04_T_30_B",6355,0.0333356307876595,0,NA,NA,NA,NA,NA,NA,4,"Catalan","target",30,"background","female",18,"Catalan, Spanish"
"636","C04_T_30_B",6365,0.0309721062069007,0,NA,NA,NA,NA,NA,NA,4,"Catalan","target",30,"background","female",18,"Catalan, Spanish"
"637","C04_T_30_B",6375,0.0287177788538421,0,NA,NA,NA,NA,NA,NA,4,"Catalan","target",30,"background","female",18,"Catalan, Spanish"
"638","C04_T_30_B",6385,0.0269012854802295,0,NA,NA,NA,NA,NA,NA,4,"Catalan","target",30,"background","female",18,"Catalan, Spanish"
"639","C04_T_30_B",6395,0.0257112106789363,0,NA,NA,NA,NA,NA,NA,4,"Catalan","target",30,"background","female",18,"Catalan, Spanish"
"640","C04_T_30_B",6405,0.0251507844803861,0,NA,NA,NA,NA,NA,NA,4,"Catalan","target",30,"background","female",18,"Catalan, Spanish"
"641","C04_T_30_B",6415,0.0251223290696291,0,NA,NA,NA,NA,NA,NA,4,"Catalan","target",30,"background","female",18,"Catalan, Spanish"
"642","C04_T_30_B",6425,0.025490937272033,186.73258972168,NA,NA,NA,NA,NA,NA,4,"Catalan","target",30,"background","female",18,"Catalan, Spanish"
"643","C04_T_30_B",6435,0.0260852231706441,195.369979858398,NA,NA,NA,NA,NA,NA,4,"Catalan","target",30,"background","female",18,"Catalan, Spanish"
"644","C04_T_30_B",6445,0.0267187390272876,193.898544311523,NA,NA,NA,NA,NA,NA,4,"Catalan","target",30,"background","female",18,"Catalan, Spanish"
"645","C04_T_30_B",6455,0.0272610818520067,0,NA,NA,NA,NA,NA,NA,4,"Catalan","target",30,"background","female",18,"Catalan, Spanish"
"646","C04_T_30_B",6465,0.0277052780830173,216.48078918457,NA,NA,NA,NA,NA,NA,4,"Catalan","target",30,"background","female",18,"Catalan, Spanish"
"647","C04_T_30_B",6475,0.0281161009272081,203.908248901367,NA,NA,NA,NA,NA,NA,4,"Catalan","target",30,"background","female",18,"Catalan, Spanish"
"648","C04_T_30_B",6485,0.0285289117477975,193.074783325195,NA,NA,NA,NA,NA,NA,4,"Catalan","target",30,"background","female",18,"Catalan, Spanish"
"649","C04_T_30_B",6495,0.0289127714760503,0,NA,NA,NA,NA,NA,NA,4,"Catalan","target",30,"background","female",18,"Catalan, Spanish"
"650","C04_T_30_B",6505,0.0292154923388832,0,NA,NA,NA,NA,NA,NA,4,"Catalan","target",30,"background","female",18,"Catalan, Spanish"
"651","C04_T_30_B",6515,0.0294344333597171,0,NA,NA,NA,NA,NA,NA,4,"Catalan","target",30,"background","female",18,"Catalan, Spanish"
"652","C04_T_30_B",6525,0.0296138032645572,0,NA,NA,NA,NA,NA,NA,4,"Catalan","target",30,"background","female",18,"Catalan, Spanish"
"653","C04_T_30_B",6535,0.0297849554735058,0,NA,NA,NA,NA,NA,NA,4,"Catalan","target",30,"background","female",18,"Catalan, Spanish"
"654","C04_T_30_B",6545,0.0299367874553787,0,NA,NA,NA,NA,NA,NA,4,"Catalan","target",30,"background","female",18,"Catalan, Spanish"
"655","C04_T_30_B",6555,0.0300493638074682,0,NA,NA,NA,NA,NA,NA,4,"Catalan","target",30,"background","female",18,"Catalan, Spanish"
"656","C04_T_30_B",6565,0.030091356625672,0,NA,NA,NA,NA,NA,NA,4,"Catalan","target",30,"background","female",18,"Catalan, Spanish"
"657","C04_T_30_B",6575,0.0299837716396901,0,NA,NA,NA,NA,NA,NA,4,"Catalan","target",30,"background","female",18,"Catalan, Spanish"
"658","C04_T_30_B",6585,0.0296527445370495,0,NA,NA,NA,NA,NA,NA,4,"Catalan","target",30,"background","female",18,"Catalan, Spanish"
"659","C04_T_30_B",6595,0.0291230792276044,0,NA,NA,NA,NA,NA,NA,4,"Catalan","target",30,"background","female",18,"Catalan, Spanish"
"660","C04_T_30_B",6605,0.0285344908138318,0,NA,NA,NA,NA,NA,NA,4,"Catalan","target",30,"background","female",18,"Catalan, Spanish"
"661","C04_T_30_B",6615,0.0280726479176323,0,NA,NA,NA,NA,NA,NA,4,"Catalan","target",30,"background","female",18,"Catalan, Spanish"
"662","C04_T_30_B",6625,0.0279241248984097,0,NA,NA,NA,NA,NA,NA,4,"Catalan","target",30,"background","female",18,"Catalan, Spanish"
"663","C04_T_30_B",6635,0.0282280652928875,0,NA,NA,NA,NA,NA,NA,4,"Catalan","target",30,"background","female",18,"Catalan, Spanish"
"664","C04_T_30_B",6645,0.0290476072238606,0,NA,NA,NA,NA,NA,NA,4,"Catalan","target",30,"background","female",18,"Catalan, Spanish"
"665","C04_T_30_B",6655,0.0303734164016552,0,NA,NA,NA,NA,NA,NA,4,"Catalan","target",30,"background","female",18,"Catalan, Spanish"
"666","C04_T_30_B",6665,0.0320763619237271,0,NA,NA,NA,NA,NA,NA,4,"Catalan","target",30,"background","female",18,"Catalan, Spanish"
"667","C04_T_30_B",6675,0.033987394749229,0,NA,NA,NA,NA,NA,NA,4,"Catalan","target",30,"background","female",18,"Catalan, Spanish"
"668","C04_T_30_B",6685,0.036015379278602,0,NA,NA,NA,NA,NA,NA,4,"Catalan","target",30,"background","female",18,"Catalan, Spanish"
"669","C04_T_30_B",6695,0.0381286331334394,0,NA,NA,NA,NA,NA,NA,4,"Catalan","target",30,"background","female",18,"Catalan, Spanish"
"670","C04_T_30_B",6705,0.0403036755565993,0,NA,NA,NA,NA,NA,NA,4,"Catalan","target",30,"background","female",18,"Catalan, Spanish"
"671","C04_T_30_B",6715,0.0425179047336287,0,NA,NA,NA,NA,NA,NA,4,"Catalan","target",30,"background","female",18,"Catalan, Spanish"
"672","C04_T_30_B",6725,0.0447709611470212,0,NA,NA,NA,NA,NA,NA,4,"Catalan","target",30,"background","female",18,"Catalan, Spanish"
"673","C04_T_30_B",6735,0.0470687933622918,0,NA,NA,NA,NA,NA,NA,4,"Catalan","target",30,"background","female",18,"Catalan, Spanish"
"674","C04_T_30_B",6745,0.0493984527642891,0,NA,NA,NA,NA,NA,NA,4,"Catalan","target",30,"background","female",18,"Catalan, Spanish"
"675","C04_T_30_B",6755,0.0517126657348714,0,NA,NA,NA,NA,NA,NA,4,"Catalan","target",30,"background","female",18,"Catalan, Spanish"
"676","C04_T_30_B",6765,0.0539918737386745,211.268966674805,NA,NA,NA,NA,NA,NA,4,"Catalan","target",30,"background","female",18,"Catalan, Spanish"
"677","C04_T_30_B",6775,0.0562939873722295,210.433441162109,NA,NA,NA,NA,NA,NA,4,"Catalan","target",30,"background","female",18,"Catalan, Spanish"
"678","C04_T_30_B",6785,0.0586563449219619,209.679016113281,NA,NA,NA,NA,NA,NA,4,"Catalan","target",30,"background","female",18,"Catalan, Spanish"
"679","C04_T_30_B",6795,0.0609519435810119,210.348205566406,NA,NA,NA,NA,NA,NA,4,"Catalan","target",30,"background","female",18,"Catalan, Spanish"
"680","C04_T_30_B",6805,0.0628752800823549,211.486892700195,NA,NA,NA,NA,NA,NA,4,"Catalan","target",30,"background","female",18,"Catalan, Spanish"
"681","C04_T_30_B",6815,0.0640888292401856,209.381530761719,NA,NA,NA,NA,NA,NA,4,"Catalan","target",30,"background","female",18,"Catalan, Spanish"
"682","C04_T_30_B",6825,0.0643218318551362,213.378036499023,NA,NA,NA,NA,NA,NA,4,"Catalan","target",30,"background","female",18,"Catalan, Spanish"
"683","C04_T_30_B",6835,0.0634229802869898,203.319976806641,NA,NA,NA,NA,NA,NA,4,"Catalan","target",30,"background","female",18,"Catalan, Spanish"
"684","C04_T_30_B",6845,0.0614128971339212,204.124252319336,NA,NA,NA,NA,NA,NA,4,"Catalan","target",30,"background","female",18,"Catalan, Spanish"
"685","C04_T_30_B",6855,0.05845082111765,206.288528442383,NA,NA,NA,NA,NA,NA,4,"Catalan","target",30,"background","female",18,"Catalan, Spanish"
"686","C04_T_30_B",6865,0.0547900268318724,204.47102355957,NA,NA,NA,NA,NA,NA,4,"Catalan","target",30,"background","female",18,"Catalan, Spanish"
"687","C04_T_30_B",6875,0.0507497874516783,208.826187133789,NA,NA,NA,NA,NA,NA,4,"Catalan","target",30,"background","female",18,"Catalan, Spanish"
"688","C04_T_30_B",6885,0.0466645532445072,199.25373840332,NA,NA,NA,NA,NA,NA,4,"Catalan","target",30,"background","female",18,"Catalan, Spanish"
"689","C04_T_30_B",6895,0.042852603489853,0,NA,NA,NA,NA,NA,NA,4,"Catalan","target",30,"background","female",18,"Catalan, Spanish"
"690","C04_T_30_B",6905,0.0396070078403771,0,NA,NA,NA,NA,NA,NA,4,"Catalan","target",30,"background","female",18,"Catalan, Spanish"
"691","C04_T_30_B",6915,0.0371254789509757,0,NA,NA,NA,NA,NA,NA,4,"Catalan","target",30,"background","female",18,"Catalan, Spanish"
"692","C04_T_30_B",6925,0.035454361297824,0,NA,NA,NA,NA,NA,NA,4,"Catalan","target",30,"background","female",18,"Catalan, Spanish"
"693","C04_T_30_B",6935,0.0345730388897691,0,NA,NA,NA,NA,NA,NA,4,"Catalan","target",30,"background","female",18,"Catalan, Spanish"
"694","C04_T_30_B",6945,0.034480837838204,0,NA,NA,NA,NA,NA,NA,4,"Catalan","target",30,"background","female",18,"Catalan, Spanish"
"695","C04_T_30_B",6955,0.0351463130706239,0,NA,NA,NA,NA,NA,NA,4,"Catalan","target",30,"background","female",18,"Catalan, Spanish"
"696","C04_T_30_B",6965,0.0363912434637095,0,NA,NA,NA,NA,NA,NA,4,"Catalan","target",30,"background","female",18,"Catalan, Spanish"
"697","C04_T_30_B",6975,0.0378663017176733,0,NA,NA,NA,NA,NA,NA,4,"Catalan","target",30,"background","female",18,"Catalan, Spanish"
"698","C04_T_30_B",6985,0.0391695098157514,0,NA,NA,NA,NA,NA,NA,4,"Catalan","target",30,"background","female",18,"Catalan, Spanish"
"699","C04_T_30_B",6995,0.0400070410469082,210.172027587891,NA,NA,NA,NA,NA,NA,4,"Catalan","target",30,"background","female",18,"Catalan, Spanish"
"700","C04_T_30_B",7005,0.0402834744696269,208.455963134766,NA,NA,NA,NA,NA,NA,4,"Catalan","target",30,"background","female",18,"Catalan, Spanish"
"701","C04_T_30_B",7015,0.0400402783220992,202.741943359375,NA,NA,NA,NA,NA,NA,4,"Catalan","target",30,"background","female",18,"Catalan, Spanish"
"702","C04_T_30_B",7025,0.0393690900977223,202.531646728516,NA,NA,NA,NA,NA,NA,4,"Catalan","target",30,"background","female",18,"Catalan, Spanish"
"703","C04_T_30_B",7035,0.0383953818424665,203.700927734375,NA,NA,NA,NA,NA,NA,4,"Catalan","target",30,"background","female",18,"Catalan, Spanish"
"704","C04_T_30_B",7045,0.03726151969112,199.251541137695,NA,NA,NA,NA,NA,NA,4,"Catalan","target",30,"background","female",18,"Catalan, Spanish"
"705","C04_T_30_B",7055,0.0360979818557539,201.836166381836,NA,NA,NA,NA,NA,NA,4,"Catalan","target",30,"background","female",18,"Catalan, Spanish"
"706","C04_T_30_B",7065,0.0350138374923828,199.520614624023,NA,NA,NA,NA,NA,NA,4,"Catalan","target",30,"background","female",18,"Catalan, Spanish"
"707","C04_T_30_B",7075,0.0340719068234232,200.745056152344,NA,NA,NA,NA,NA,NA,4,"Catalan","target",30,"background","female",18,"Catalan, Spanish"
"708","C04_T_30_B",7085,0.0332671541072398,201.351119995117,NA,NA,NA,NA,NA,NA,4,"Catalan","target",30,"background","female",18,"Catalan, Spanish"
"709","C04_T_30_B",7095,0.0326009831908328,202.083984375,NA,NA,NA,NA,NA,NA,4,"Catalan","target",30,"background","female",18,"Catalan, Spanish"
"710","C04_T_30_B",7105,0.0321414009448098,0,NA,NA,NA,NA,NA,NA,4,"Catalan","target",30,"background","female",18,"Catalan, Spanish"
"711","C04_T_30_B",7115,0.0320019477795249,0,NA,NA,NA,NA,NA,NA,4,"Catalan","target",30,"background","female",18,"Catalan, Spanish"
"712","C04_T_30_B",7125,0.0322739622922514,0,NA,NA,NA,NA,NA,NA,4,"Catalan","target",30,"background","female",18,"Catalan, Spanish"
"713","C04_T_30_B",7135,0.0329504997446109,0,NA,NA,NA,NA,NA,NA,4,"Catalan","target",30,"background","female",18,"Catalan, Spanish"
"714","C04_T_30_B",7145,0.0338978779055046,0,NA,NA,NA,NA,NA,NA,4,"Catalan","target",30,"background","female",18,"Catalan, Spanish"
"715","C04_T_30_B",7155,0.0349363816429211,0,NA,NA,NA,NA,NA,NA,4,"Catalan","target",30,"background","female",18,"Catalan, Spanish"
"716","C04_T_30_B",7165,0.0359524536562112,0,NA,NA,NA,NA,NA,NA,4,"Catalan","target",30,"background","female",18,"Catalan, Spanish"
"717","C04_T_30_B",7175,0.0369079935618473,0,NA,NA,NA,NA,NA,NA,4,"Catalan","target",30,"background","female",18,"Catalan, Spanish"
"718","C04_T_30_B",7185,0.0377710217394292,0,NA,NA,NA,NA,NA,NA,4,"Catalan","target",30,"background","female",18,"Catalan, Spanish"
"719","C04_T_30_B",7195,0.0384802227737304,0,NA,NA,NA,NA,NA,NA,4,"Catalan","target",30,"background","female",18,"Catalan, Spanish"
"720","C04_T_30_B",7205,0.038963479903758,213.150192260742,NA,NA,NA,NA,NA,NA,4,"Catalan","target",30,"background","female",18,"Catalan, Spanish"
"721","C04_T_30_B",7215,0.0391657797549531,210.377304077148,NA,NA,NA,NA,NA,NA,4,"Catalan","target",30,"background","female",18,"Catalan, Spanish"
"722","C04_T_30_B",7225,0.0390819214738619,216.171585083008,NA,NA,NA,NA,NA,NA,4,"Catalan","target",30,"background","female",18,"Catalan, Spanish"
"723","C04_T_30_B",7235,0.0387543154120452,209.730941772461,NA,NA,NA,NA,NA,NA,4,"Catalan","target",30,"background","female",18,"Catalan, Spanish"
"724","C04_T_30_B",7245,0.0382401079349621,0,NA,NA,NA,NA,NA,NA,4,"Catalan","target",30,"background","female",18,"Catalan, Spanish"
"725","C04_T_30_B",7255,0.0376143425627674,0,NA,NA,NA,NA,NA,NA,4,"Catalan","target",30,"background","female",18,"Catalan, Spanish"
"726","C04_T_30_B",7265,0.0369631873636397,0,NA,NA,NA,NA,NA,NA,4,"Catalan","target",30,"background","female",18,"Catalan, Spanish"
"727","C04_T_30_B",7275,0.0363576593998091,0,NA,NA,NA,NA,NA,NA,4,"Catalan","target",30,"background","female",18,"Catalan, Spanish"
"728","C04_T_30_B",7285,0.0358832553313752,0,NA,NA,NA,NA,NA,NA,4,"Catalan","target",30,"background","female",18,"Catalan, Spanish"
"729","C04_T_30_B",7295,0.0356092718011523,0,NA,NA,NA,NA,NA,NA,4,"Catalan","target",30,"background","female",18,"Catalan, Spanish"
"730","C04_T_30_B",7305,0.0355324968429819,0,NA,NA,NA,NA,NA,NA,4,"Catalan","target",30,"background","female",18,"Catalan, Spanish"
"731","C04_T_30_B",7315,0.0355794550602593,0,NA,NA,NA,NA,NA,NA,4,"Catalan","target",30,"background","female",18,"Catalan, Spanish"
"732","C04_T_30_B",7325,0.035627602445798,0,NA,NA,NA,NA,NA,NA,4,"Catalan","target",30,"background","female",18,"Catalan, Spanish"
"733","C04_T_30_B",7335,0.0355847704218833,0,NA,NA,NA,NA,NA,NA,4,"Catalan","target",30,"background","female",18,"Catalan, Spanish"
"734","C04_T_30_B",7345,0.0354290488713755,0,NA,NA,NA,NA,NA,NA,4,"Catalan","target",30,"background","female",18,"Catalan, Spanish"
"735","C04_T_30_B",7355,0.0351636692337831,0,NA,NA,NA,NA,NA,NA,4,"Catalan","target",30,"background","female",18,"Catalan, Spanish"
"736","C04_T_30_B",7365,0.0347645012388216,0,NA,NA,NA,NA,NA,NA,4,"Catalan","target",30,"background","female",18,"Catalan, Spanish"
"737","C04_T_30_B",7375,0.0341736984555749,0,NA,NA,NA,NA,NA,NA,4,"Catalan","target",30,"background","female",18,"Catalan, Spanish"
"738","C04_T_30_B",7385,0.0333504434417034,0,NA,NA,NA,NA,NA,NA,4,"Catalan","target",30,"background","female",18,"Catalan, Spanish"
"739","C04_T_30_B",7395,0.0322986369967029,0,NA,NA,NA,NA,NA,NA,4,"Catalan","target",30,"background","female",18,"Catalan, Spanish"
"740","C04_T_30_B",7405,0.031057586885484,0,NA,NA,NA,NA,NA,NA,4,"Catalan","target",30,"background","female",18,"Catalan, Spanish"
"741","C04_T_30_B",7415,0.0297023163117604,0,NA,NA,NA,NA,NA,NA,4,"Catalan","target",30,"background","female",18,"Catalan, Spanish"
"742","C04_T_30_B",7425,0.0283115983585061,0,NA,NA,NA,NA,NA,NA,4,"Catalan","target",30,"background","female",18,"Catalan, Spanish"
"743","C04_T_30_B",7435,0.0269348284859748,0,NA,NA,NA,NA,NA,NA,4,"Catalan","target",30,"background","female",18,"Catalan, Spanish"
"744","C04_T_30_B",7445,0.025591634565266,0,NA,NA,NA,NA,NA,NA,4,"Catalan","target",30,"background","female",18,"Catalan, Spanish"
"745","C04_T_30_B",7455,0.0242770804837338,0,NA,NA,NA,NA,NA,NA,4,"Catalan","target",30,"background","female",18,"Catalan, Spanish"
"746","C04_T_30_B",7465,0.0229927243697481,0,NA,NA,NA,NA,NA,NA,4,"Catalan","target",30,"background","female",18,"Catalan, Spanish"
"747","C04_T_30_B",7475,0.0217673006672777,0,NA,NA,NA,NA,NA,NA,4,"Catalan","target",30,"background","female",18,"Catalan, Spanish"
"748","C04_T_30_B",7485,0.0206250213997805,0,NA,NA,NA,NA,NA,NA,4,"Catalan","target",30,"background","female",18,"Catalan, Spanish"
"749","C04_T_30_B",7495,0.019561114584692,0,NA,NA,NA,NA,NA,NA,4,"Catalan","target",30,"background","female",18,"Catalan, Spanish"
"750","C04_T_30_B",7505,0.0185386196381419,0,NA,NA,NA,NA,NA,NA,4,"Catalan","target",30,"background","female",18,"Catalan, Spanish"
"751","C04_T_30_B",7515,0.0175199624237338,0,NA,NA,NA,NA,NA,NA,4,"Catalan","target",30,"background","female",18,"Catalan, Spanish"
"752","C04_T_30_B",7525,0.0165265364536265,0,NA,NA,NA,NA,NA,NA,4,"Catalan","target",30,"background","female",18,"Catalan, Spanish"
"753","C04_T_30_B",7535,0.0155970924528115,0,NA,NA,NA,NA,NA,NA,4,"Catalan","target",30,"background","female",18,"Catalan, Spanish"
"754","C04_T_30_B",7545,0.0147397595452302,0,NA,NA,NA,NA,NA,NA,4,"Catalan","target",30,"background","female",18,"Catalan, Spanish"
"755","C04_T_30_B",7555,0.0139516751442527,0,NA,NA,NA,NA,NA,NA,4,"Catalan","target",30,"background","female",18,"Catalan, Spanish"
"756","C04_T_30_B",7565,0.0132307378857209,0,NA,NA,NA,NA,NA,NA,4,"Catalan","target",30,"background","female",18,"Catalan, Spanish"
"757","C04_T_30_B",7575,0.0125870776646781,0,NA,NA,NA,NA,NA,NA,4,"Catalan","target",30,"background","female",18,"Catalan, Spanish"
"758","C04_T_30_B",7585,0.0120521885997767,0,NA,NA,NA,NA,NA,NA,4,"Catalan","target",30,"background","female",18,"Catalan, Spanish"
"759","C04_T_30_B",7595,0.0116676811937042,0,NA,NA,NA,NA,NA,NA,4,"Catalan","target",30,"background","female",18,"Catalan, Spanish"
"760","C04_T_30_B",7605,0.01144385896602,0,NA,NA,NA,NA,NA,NA,4,"Catalan","target",30,"background","female",18,"Catalan, Spanish"
"761","C04_T_30_B",7615,0.0113435802246421,0,NA,NA,NA,NA,NA,NA,4,"Catalan","target",30,"background","female",18,"Catalan, Spanish"
"762","C04_T_30_B",7625,0.0113102435519229,0,NA,NA,NA,NA,NA,NA,4,"Catalan","target",30,"background","female",18,"Catalan, Spanish"
"763","C04_T_30_B",7635,0.0112933675120672,0,NA,NA,NA,NA,NA,NA,4,"Catalan","target",30,"background","female",18,"Catalan, Spanish"
"764","C04_T_30_B",7645,0.0112689713593838,0,NA,NA,NA,NA,NA,NA,4,"Catalan","target",30,"background","female",18,"Catalan, Spanish"
"765","C04_T_30_B",7655,0.011237900403181,0,NA,NA,NA,NA,NA,NA,4,"Catalan","target",30,"background","female",18,"Catalan, Spanish"
"766","C04_T_30_B",7665,0.011203572605256,0,NA,NA,NA,NA,NA,NA,4,"Catalan","target",30,"background","female",18,"Catalan, Spanish"
"767","C04_T_30_B",7675,0.0111655248007948,0,NA,NA,NA,NA,NA,NA,4,"Catalan","target",30,"background","female",18,"Catalan, Spanish"
"768","C04_T_30_B",7685,0.0111395800658073,0,NA,NA,NA,NA,NA,NA,4,"Catalan","target",30,"background","female",18,"Catalan, Spanish"
"769","C04_T_30_B",7695,0.0111519126611854,0,NA,NA,NA,NA,NA,NA,4,"Catalan","target",30,"background","female",18,"Catalan, Spanish"
"770","C04_T_30_B",7705,0.0112203097778115,0,NA,NA,NA,NA,NA,NA,4,"Catalan","target",30,"background","female",18,"Catalan, Spanish"
"771","C04_T_30_B",7715,0.0113497552055424,0,NA,NA,NA,NA,NA,NA,4,"Catalan","target",30,"background","female",18,"Catalan, Spanish"
"772","C04_T_30_B",7725,0.0115349352115259,0,NA,NA,NA,NA,NA,NA,4,"Catalan","target",30,"background","female",18,"Catalan, Spanish"
"773","C04_T_30_B",7735,0.0117702941722878,0,NA,NA,NA,NA,NA,NA,4,"Catalan","target",30,"background","female",18,"Catalan, Spanish"
"774","C04_T_30_B",7745,0.0120476431616918,0,NA,NA,NA,NA,NA,NA,4,"Catalan","target",30,"background","female",18,"Catalan, Spanish"
"775","C04_T_30_B",7755,0.0123530315327034,0,NA,NA,NA,NA,NA,NA,4,"Catalan","target",30,"background","female",18,"Catalan, Spanish"
"776","C04_T_30_B",7765,0.0126611060745991,0,NA,NA,NA,NA,NA,NA,4,"Catalan","target",30,"background","female",18,"Catalan, Spanish"
"777","C04_T_30_B",7775,0.012943562597699,0,NA,NA,NA,NA,NA,NA,4,"Catalan","target",30,"background","female",18,"Catalan, Spanish"
"778","C04_T_30_B",7785,0.0131729707421483,0,NA,NA,NA,NA,NA,NA,4,"Catalan","target",30,"background","female",18,"Catalan, Spanish"
"779","C04_T_30_B",7795,0.0133257946345604,0,NA,NA,NA,NA,NA,NA,4,"Catalan","target",30,"background","female",18,"Catalan, Spanish"
"780","C04_T_30_B",7805,0.0134038508880666,0,NA,NA,NA,NA,NA,NA,4,"Catalan","target",30,"background","female",18,"Catalan, Spanish"
"781","C04_T_30_B",7815,0.0134169407508672,0,NA,NA,NA,NA,NA,NA,4,"Catalan","target",30,"background","female",18,"Catalan, Spanish"
"782","C04_T_30_B",7825,0.0133726766426284,0,NA,NA,NA,NA,NA,NA,4,"Catalan","target",30,"background","female",18,"Catalan, Spanish"
"783","C04_T_30_B",7835,0.0132869867157587,0,NA,NA,NA,NA,NA,NA,4,"Catalan","target",30,"background","female",18,"Catalan, Spanish"
"784","C04_T_30_B",7845,0.0131761885496614,0,NA,NA,NA,NA,NA,NA,4,"Catalan","target",30,"background","female",18,"Catalan, Spanish"
"785","C04_T_30_B",7855,0.0130597824618558,0,NA,NA,NA,NA,NA,NA,4,"Catalan","target",30,"background","female",18,"Catalan, Spanish"
"786","C04_T_30_B",7865,0.012972661348715,0,NA,NA,NA,NA,NA,NA,4,"Catalan","target",30,"background","female",18,"Catalan, Spanish"
"787","C04_T_30_B",7875,0.0129440740909478,0,NA,NA,NA,NA,NA,NA,4,"Catalan","target",30,"background","female",18,"Catalan, Spanish"
"788","C04_T_30_B",7885,0.0129660434968502,0,NA,NA,NA,NA,NA,NA,4,"Catalan","target",30,"background","female",18,"Catalan, Spanish"
"789","C04_T_30_B",7895,0.0130090168708911,0,NA,NA,NA,NA,NA,NA,4,"Catalan","target",30,"background","female",18,"Catalan, Spanish"
"790","C04_T_30_B",7905,0.0130521503267369,0,NA,NA,NA,NA,NA,NA,4,"Catalan","target",30,"background","female",18,"Catalan, Spanish"
"791","C04_T_30_B",7915,0.0130876330615453,0,NA,NA,NA,NA,NA,NA,4,"Catalan","target",30,"background","female",18,"Catalan, Spanish"
"792","C04_T_30_B",7925,0.0131044790658838,0,NA,NA,NA,NA,NA,NA,4,"Catalan","target",30,"background","female",18,"Catalan, Spanish"
"793","C04_T_30_B",7935,0.0130838374347451,0,NA,NA,NA,NA,NA,NA,4,"Catalan","target",30,"background","female",18,"Catalan, Spanish"
"794","C04_T_30_B",7945,0.013008712357368,0,NA,NA,NA,NA,NA,NA,4,"Catalan","target",30,"background","female",18,"Catalan, Spanish"
"795","C04_T_30_B",7955,0.0128710833138908,0,NA,NA,NA,NA,NA,NA,4,"Catalan","target",30,"background","female",18,"Catalan, Spanish"
"796","C04_T_30_B",7965,0.0126826229930136,0,NA,NA,NA,NA,NA,NA,4,"Catalan","target",30,"background","female",18,"Catalan, Spanish"
"797","C04_T_30_B",7975,0.0124638225680436,0,NA,NA,NA,NA,NA,NA,4,"Catalan","target",30,"background","female",18,"Catalan, Spanish"
"798","C04_T_30_B",7985,0.0122379822532289,0,NA,NA,NA,NA,NA,NA,4,"Catalan","target",30,"background","female",18,"Catalan, Spanish"
"799","C04_T_30_B",7995,0.0120330138771005,0,NA,NA,NA,NA,NA,NA,4,"Catalan","target",30,"background","female",18,"Catalan, Spanish"
"800","C04_T_30_B",8005,0.011871463450007,0,NA,NA,NA,NA,NA,NA,4,"Catalan","target",30,"background","female",18,"Catalan, Spanish"
"801","C04_T_30_B",8015,0.0117762459083823,0,NA,NA,NA,NA,NA,NA,4,"Catalan","target",30,"background","female",18,"Catalan, Spanish"
"802","C04_T_30_B",8025,0.0117742970300566,0,NA,NA,NA,NA,NA,NA,4,"Catalan","target",30,"background","female",18,"Catalan, Spanish"
"803","C04_T_30_B",8035,0.0118858397514651,0,NA,NA,NA,NA,NA,NA,4,"Catalan","target",30,"background","female",18,"Catalan, Spanish"
"804","C04_T_30_B",8045,0.012105955465855,0,NA,NA,NA,NA,NA,NA,4,"Catalan","target",30,"background","female",18,"Catalan, Spanish"
"805","C04_T_30_B",8055,0.0124072409558691,0,NA,NA,NA,NA,NA,NA,4,"Catalan","target",30,"background","female",18,"Catalan, Spanish"
"806","C04_T_30_B",8065,0.0127403079473139,0,NA,NA,NA,NA,NA,NA,4,"Catalan","target",30,"background","female",18,"Catalan, Spanish"
"807","C04_T_30_B",8075,0.0130494868700242,0,NA,NA,NA,NA,NA,NA,4,"Catalan","target",30,"background","female",18,"Catalan, Spanish"
"808","C04_T_30_B",8085,0.0132989943266186,0,NA,NA,NA,NA,NA,NA,4,"Catalan","target",30,"background","female",18,"Catalan, Spanish"
"809","C04_T_30_B",8095,0.0134690793848164,0,NA,NA,NA,NA,NA,NA,4,"Catalan","target",30,"background","female",18,"Catalan, Spanish"
"810","C04_T_30_B",8105,0.0135510044221261,0,NA,NA,NA,NA,NA,NA,4,"Catalan","target",30,"background","female",18,"Catalan, Spanish"
"811","C04_T_30_B",8115,0.01354734010753,0,NA,NA,NA,NA,NA,NA,4,"Catalan","target",30,"background","female",18,"Catalan, Spanish"
"812","C04_T_30_B",8125,0.0134634645614548,0,NA,NA,NA,NA,NA,NA,4,"Catalan","target",30,"background","female",18,"Catalan, Spanish"
"813","C04_T_30_B",8135,0.0133050290068362,0,NA,NA,NA,NA,NA,NA,4,"Catalan","target",30,"background","female",18,"Catalan, Spanish"
"814","C04_T_30_B",8145,0.0130911563988298,0,NA,NA,NA,NA,NA,NA,4,"Catalan","target",30,"background","female",18,"Catalan, Spanish"
"815","C04_T_30_B",8155,0.0128434300916177,0,NA,NA,NA,NA,NA,NA,4,"Catalan","target",30,"background","female",18,"Catalan, Spanish"
"816","C04_T_30_B",8165,0.0125713869837984,0,NA,NA,NA,NA,NA,NA,4,"Catalan","target",30,"background","female",18,"Catalan, Spanish"
"817","C04_T_30_B",8175,0.0122971407385199,0,NA,NA,NA,NA,NA,NA,4,"Catalan","target",30,"background","female",18,"Catalan, Spanish"
"818","C04_T_30_B",8185,0.0120563208802254,0,NA,NA,NA,NA,NA,NA,4,"Catalan","target",30,"background","female",18,"Catalan, Spanish"
"819","C04_T_30_B",8195,0.0118672741735474,0,NA,NA,NA,NA,NA,NA,4,"Catalan","target",30,"background","female",18,"Catalan, Spanish"
"820","C04_T_30_B",8205,0.0117443641129049,0,NA,NA,NA,NA,NA,NA,4,"Catalan","target",30,"background","female",18,"Catalan, Spanish"
"821","C04_T_30_B",8215,0.0117046253143864,0,NA,NA,NA,NA,NA,NA,4,"Catalan","target",30,"background","female",18,"Catalan, Spanish"
"822","C04_T_30_B",8225,0.0117590875300852,0,NA,NA,NA,NA,NA,NA,4,"Catalan","target",30,"background","female",18,"Catalan, Spanish"
"823","C04_T_30_B",8235,0.011915799557802,0,NA,NA,NA,NA,NA,NA,4,"Catalan","target",30,"background","female",18,"Catalan, Spanish"
"824","C04_T_30_B",8245,0.012173851639673,0,NA,NA,NA,NA,NA,NA,4,"Catalan","target",30,"background","female",18,"Catalan, Spanish"
"825","C04_T_30_B",8255,0.0125080256306434,0,NA,NA,NA,NA,NA,NA,4,"Catalan","target",30,"background","female",18,"Catalan, Spanish"
"826","C04_T_30_B",8265,0.0128742267300746,0,NA,NA,NA,NA,NA,NA,4,"Catalan","target",30,"background","female",18,"Catalan, Spanish"
"827","C04_T_30_B",8275,0.0132315822055969,0,NA,NA,NA,NA,NA,NA,4,"Catalan","target",30,"background","female",18,"Catalan, Spanish"
"828","C04_T_30_B",8285,0.0135387169346826,0,NA,NA,NA,NA,NA,NA,4,"Catalan","target",30,"background","female",18,"Catalan, Spanish"
"829","C04_T_30_B",8295,0.013765328147916,0,NA,NA,NA,NA,NA,NA,4,"Catalan","target",30,"background","female",18,"Catalan, Spanish"
"830","C04_T_30_B",8305,0.0138883510191876,0,NA,NA,NA,NA,NA,NA,4,"Catalan","target",30,"background","female",18,"Catalan, Spanish"
"831","C04_T_30_B",8315,0.00696007515067895,0,NA,NA,NA,NA,NA,NA,4,"Catalan","target",30,"background","female",18,"Catalan, Spanish"
"832","C04_T_30_B",8325,0,0,NA,NA,NA,NA,NA,NA,4,"Catalan","target",30,"background","female",18,"Catalan, Spanish"
"833","C04_T_30_B",8335,0,0,NA,NA,NA,NA,NA,NA,4,"Catalan","target",30,"background","female",18,"Catalan, Spanish"
"834","C04_T_30_B",8345,0,0,NA,NA,NA,NA,NA,NA,4,"Catalan","target",30,"background","female",18,"Catalan, Spanish"
"835","C04_T_30_B",8355,0,0,NA,NA,NA,NA,NA,NA,4,"Catalan","target",30,"background","female",18,"Catalan, Spanish"
"836","C04_T_30_B",8365,0,0,NA,NA,NA,NA,NA,NA,4,"Catalan","target",30,"background","female",18,"Catalan, Spanish"
"837","C04_T_30_B",8375,0,0,NA,NA,NA,NA,NA,NA,4,"Catalan","target",30,"background","female",18,"Catalan, Spanish"
"838","C04_T_30_B",8385,0,0,NA,NA,NA,NA,NA,NA,4,"Catalan","target",30,"background","female",18,"Catalan, Spanish"
"839","C04_T_30_B",8395,0,0,NA,NA,NA,NA,NA,NA,4,"Catalan","target",30,"background","female",18,"Catalan, Spanish"
"840","C04_T_30_B",8405,0,0,NA,NA,NA,NA,NA,NA,4,"Catalan","target",30,"background","female",18,"Catalan, Spanish"
