"","File","time_ms","env","F0","TP","Word","Gestural_Prom","Prosodic_Prom","Syll_num","Syll","Participant","Language","Item_type","Item_num","Focus","Gender","Age","Native_language"
"1","C13_T_05_R",15,0,0,NA,NA,NA,NA,NA,NA,13,"Catalan","target",5,"corrective","female",19,"Catalan, Spanish"
"2","C13_T_05_R",25,0,0,NA,NA,NA,NA,NA,NA,13,"Catalan","target",5,"corrective","female",19,"Catalan, Spanish"
"3","C13_T_05_R",35,0,0,NA,NA,NA,NA,NA,NA,13,"Catalan","target",5,"corrective","female",19,"Catalan, Spanish"
"4","C13_T_05_R",45,0,0,NA,NA,NA,NA,NA,NA,13,"Catalan","target",5,"corrective","female",19,"Catalan, Spanish"
"5","C13_T_05_R",55,0,0,NA,NA,NA,NA,NA,NA,13,"Catalan","target",5,"corrective","female",19,"Catalan, Spanish"
"6","C13_T_05_R",65,0,0,NA,NA,NA,NA,NA,NA,13,"Catalan","target",5,"corrective","female",19,"Catalan, Spanish"
"7","C13_T_05_R",75,0,0,NA,NA,NA,NA,NA,NA,13,"Catalan","target",5,"corrective","female",19,"Catalan, Spanish"
"8","C13_T_05_R",85,0,0,NA,NA,NA,NA,NA,NA,13,"Catalan","target",5,"corrective","female",19,"Catalan, Spanish"
"9","C13_T_05_R",95,0.00370795729522846,0,NA,NA,NA,NA,NA,NA,13,"Catalan","target",5,"corrective","female",19,"Catalan, Spanish"
"10","C13_T_05_R",105,0.00736375736820678,0,NA,NA,NA,NA,NA,NA,13,"Catalan","target",5,"corrective","female",19,"Catalan, Spanish"
"11","C13_T_05_R",115,0.00724068356479547,0,NA,NA,NA,NA,NA,NA,13,"Catalan","target",5,"corrective","female",19,"Catalan, Spanish"
"12","C13_T_05_R",125,0.00708575657756087,0,NA,NA,NA,NA,NA,NA,13,"Catalan","target",5,"corrective","female",19,"Catalan, Spanish"
"13","C13_T_05_R",135,0.00691061986059191,0,NA,NA,NA,NA,NA,NA,13,"Catalan","target",5,"corrective","female",19,"Catalan, Spanish"
"14","C13_T_05_R",145,0.00673412969680711,0,NA,NA,NA,NA,NA,NA,13,"Catalan","target",5,"corrective","female",19,"Catalan, Spanish"
"15","C13_T_05_R",155,0.00657544705119049,0,NA,NA,NA,NA,NA,NA,13,"Catalan","target",5,"corrective","female",19,"Catalan, Spanish"
"16","C13_T_05_R",165,0.00644321612232198,0,NA,NA,NA,NA,NA,NA,13,"Catalan","target",5,"corrective","female",19,"Catalan, Spanish"
"17","C13_T_05_R",175,0.00634551978595568,0,NA,NA,NA,NA,NA,NA,13,"Catalan","target",5,"corrective","female",19,"Catalan, Spanish"
"18","C13_T_05_R",185,0.00628504902141306,0,NA,NA,NA,NA,NA,NA,13,"Catalan","target",5,"corrective","female",19,"Catalan, Spanish"
"19","C13_T_05_R",195,0.00625215667085589,0,NA,NA,NA,NA,NA,NA,13,"Catalan","target",5,"corrective","female",19,"Catalan, Spanish"
"20","C13_T_05_R",205,0.00623916502202058,0,NA,NA,NA,NA,NA,NA,13,"Catalan","target",5,"corrective","female",19,"Catalan, Spanish"
"21","C13_T_05_R",215,0.00624677852514603,0,NA,NA,NA,NA,NA,NA,13,"Catalan","target",5,"corrective","female",19,"Catalan, Spanish"
"22","C13_T_05_R",225,0.00627497045272406,0,NA,NA,NA,NA,NA,NA,13,"Catalan","target",5,"corrective","female",19,"Catalan, Spanish"
"23","C13_T_05_R",235,0.00631737922508482,0,NA,NA,NA,NA,NA,NA,13,"Catalan","target",5,"corrective","female",19,"Catalan, Spanish"
"24","C13_T_05_R",245,0.00636750807691853,0,NA,NA,NA,NA,NA,NA,13,"Catalan","target",5,"corrective","female",19,"Catalan, Spanish"
"25","C13_T_05_R",255,0.00641851439564479,0,NA,NA,NA,NA,NA,NA,13,"Catalan","target",5,"corrective","female",19,"Catalan, Spanish"
"26","C13_T_05_R",265,0.00646455938810381,0,NA,NA,NA,NA,NA,NA,13,"Catalan","target",5,"corrective","female",19,"Catalan, Spanish"
"27","C13_T_05_R",275,0.00650507851764748,0,NA,NA,NA,NA,NA,NA,13,"Catalan","target",5,"corrective","female",19,"Catalan, Spanish"
"28","C13_T_05_R",285,0.00654315174092581,0,NA,NA,NA,NA,NA,NA,13,"Catalan","target",5,"corrective","female",19,"Catalan, Spanish"
"29","C13_T_05_R",295,0.00658742768907833,0,NA,NA,NA,NA,NA,NA,13,"Catalan","target",5,"corrective","female",19,"Catalan, Spanish"
"30","C13_T_05_R",305,0.00664620143664049,0,NA,NA,NA,NA,NA,NA,13,"Catalan","target",5,"corrective","female",19,"Catalan, Spanish"
"31","C13_T_05_R",315,0.00671509553124654,0,NA,NA,NA,NA,NA,NA,13,"Catalan","target",5,"corrective","female",19,"Catalan, Spanish"
"32","C13_T_05_R",325,0.00677834647108778,0,NA,NA,NA,NA,NA,NA,13,"Catalan","target",5,"corrective","female",19,"Catalan, Spanish"
"33","C13_T_05_R",335,0.00682293795640601,0,NA,NA,NA,NA,NA,NA,13,"Catalan","target",5,"corrective","female",19,"Catalan, Spanish"
"34","C13_T_05_R",345,0.00684299555676589,0,NA,NA,NA,NA,NA,NA,13,"Catalan","target",5,"corrective","female",19,"Catalan, Spanish"
"35","C13_T_05_R",355,0.00683720089163596,0,NA,NA,NA,NA,NA,NA,13,"Catalan","target",5,"corrective","female",19,"Catalan, Spanish"
"36","C13_T_05_R",365,0.00681038821593931,0,NA,NA,NA,NA,NA,NA,13,"Catalan","target",5,"corrective","female",19,"Catalan, Spanish"
"37","C13_T_05_R",375,0.00676803118381551,0,NA,NA,NA,NA,NA,NA,13,"Catalan","target",5,"corrective","female",19,"Catalan, Spanish"
"38","C13_T_05_R",385,0.00671711582505063,0,NA,NA,NA,NA,NA,NA,13,"Catalan","target",5,"corrective","female",19,"Catalan, Spanish"
"39","C13_T_05_R",395,0.00666900649474463,0,NA,NA,NA,NA,NA,NA,13,"Catalan","target",5,"corrective","female",19,"Catalan, Spanish"
"40","C13_T_05_R",405,0.0066287903377425,0,NA,NA,NA,NA,NA,NA,13,"Catalan","target",5,"corrective","female",19,"Catalan, Spanish"
"41","C13_T_05_R",415,0.00659585715946521,0,NA,NA,NA,NA,NA,NA,13,"Catalan","target",5,"corrective","female",19,"Catalan, Spanish"
"42","C13_T_05_R",425,0.00656844296736701,0,NA,NA,NA,NA,NA,NA,13,"Catalan","target",5,"corrective","female",19,"Catalan, Spanish"
"43","C13_T_05_R",435,0.00654551830929692,0,NA,NA,NA,NA,NA,NA,13,"Catalan","target",5,"corrective","female",19,"Catalan, Spanish"
"44","C13_T_05_R",445,0.00652860172274436,0,NA,NA,NA,NA,NA,NA,13,"Catalan","target",5,"corrective","female",19,"Catalan, Spanish"
"45","C13_T_05_R",455,0.00652223769945413,0,NA,NA,NA,NA,NA,NA,13,"Catalan","target",5,"corrective","female",19,"Catalan, Spanish"
"46","C13_T_05_R",465,0.00652821054308456,0,NA,NA,NA,NA,NA,NA,13,"Catalan","target",5,"corrective","female",19,"Catalan, Spanish"
"47","C13_T_05_R",475,0.00654512909638347,0,NA,NA,NA,NA,NA,NA,13,"Catalan","target",5,"corrective","female",19,"Catalan, Spanish"
"48","C13_T_05_R",485,0.00657351207797835,0,NA,NA,NA,NA,NA,NA,13,"Catalan","target",5,"corrective","female",19,"Catalan, Spanish"
"49","C13_T_05_R",495,0.00661002498051999,0,NA,NA,NA,NA,NA,NA,13,"Catalan","target",5,"corrective","female",19,"Catalan, Spanish"
"50","C13_T_05_R",505,0.00664466780350356,0,NA,NA,NA,NA,NA,NA,13,"Catalan","target",5,"corrective","female",19,"Catalan, Spanish"
"51","C13_T_05_R",515,0.00667129909937102,0,NA,NA,NA,NA,NA,NA,13,"Catalan","target",5,"corrective","female",19,"Catalan, Spanish"
"52","C13_T_05_R",525,0.00669271515238467,0,NA,NA,NA,NA,NA,NA,13,"Catalan","target",5,"corrective","female",19,"Catalan, Spanish"
"53","C13_T_05_R",535,0.00671515447754639,0,NA,NA,NA,NA,NA,NA,13,"Catalan","target",5,"corrective","female",19,"Catalan, Spanish"
"54","C13_T_05_R",545,0.00674404500731533,0,NA,NA,NA,NA,NA,NA,13,"Catalan","target",5,"corrective","female",19,"Catalan, Spanish"
"55","C13_T_05_R",555,0.00678139889476834,0,NA,NA,NA,NA,NA,NA,13,"Catalan","target",5,"corrective","female",19,"Catalan, Spanish"
"56","C13_T_05_R",565,0.00682561195313345,0,NA,NA,NA,NA,NA,NA,13,"Catalan","target",5,"corrective","female",19,"Catalan, Spanish"
"57","C13_T_05_R",575,0.00687816768538229,0,NA,NA,NA,NA,NA,NA,13,"Catalan","target",5,"corrective","female",19,"Catalan, Spanish"
"58","C13_T_05_R",585,0.00694366008830473,0,NA,NA,NA,NA,NA,NA,13,"Catalan","target",5,"corrective","female",19,"Catalan, Spanish"
"59","C13_T_05_R",595,0.00702236649999727,0,NA,NA,NA,NA,NA,NA,13,"Catalan","target",5,"corrective","female",19,"Catalan, Spanish"
"60","C13_T_05_R",605,0.0071154689788678,0,NA,NA,NA,NA,NA,NA,13,"Catalan","target",5,"corrective","female",19,"Catalan, Spanish"
"61","C13_T_05_R",615,0.00721760784185447,0,NA,NA,NA,NA,NA,NA,13,"Catalan","target",5,"corrective","female",19,"Catalan, Spanish"
"62","C13_T_05_R",625,0.00731738565558569,0,NA,NA,NA,NA,NA,NA,13,"Catalan","target",5,"corrective","female",19,"Catalan, Spanish"
"63","C13_T_05_R",635,0.00740967039964179,0,NA,NA,NA,NA,NA,NA,13,"Catalan","target",5,"corrective","female",19,"Catalan, Spanish"
"64","C13_T_05_R",645,0.00748940552801512,0,NA,NA,NA,NA,NA,NA,13,"Catalan","target",5,"corrective","female",19,"Catalan, Spanish"
"65","C13_T_05_R",655,0.00755062402333219,0,NA,NA,NA,NA,NA,NA,13,"Catalan","target",5,"corrective","female",19,"Catalan, Spanish"
"66","C13_T_05_R",665,0.00759231891874053,0,NA,NA,NA,NA,NA,NA,13,"Catalan","target",5,"corrective","female",19,"Catalan, Spanish"
"67","C13_T_05_R",675,0.00761351556066076,0,NA,NA,NA,NA,NA,NA,13,"Catalan","target",5,"corrective","female",19,"Catalan, Spanish"
"68","C13_T_05_R",685,0.00760992880995592,0,NA,NA,NA,NA,NA,NA,13,"Catalan","target",5,"corrective","female",19,"Catalan, Spanish"
"69","C13_T_05_R",695,0.00758105893220899,0,NA,NA,NA,NA,NA,NA,13,"Catalan","target",5,"corrective","female",19,"Catalan, Spanish"
"70","C13_T_05_R",705,0.00753856435486744,0,NA,NA,NA,NA,NA,NA,13,"Catalan","target",5,"corrective","female",19,"Catalan, Spanish"
"71","C13_T_05_R",715,0.0075026529686149,0,NA,NA,NA,NA,NA,NA,13,"Catalan","target",5,"corrective","female",19,"Catalan, Spanish"
"72","C13_T_05_R",725,0.00748837212963879,0,NA,NA,NA,NA,NA,NA,13,"Catalan","target",5,"corrective","female",19,"Catalan, Spanish"
"73","C13_T_05_R",735,0.00749904188964633,0,NA,NA,NA,NA,NA,NA,13,"Catalan","target",5,"corrective","female",19,"Catalan, Spanish"
"74","C13_T_05_R",745,0.00753698015978214,0,NA,NA,NA,NA,NA,NA,13,"Catalan","target",5,"corrective","female",19,"Catalan, Spanish"
"75","C13_T_05_R",755,0.00760522036191333,0,NA,NA,NA,NA,NA,NA,13,"Catalan","target",5,"corrective","female",19,"Catalan, Spanish"
"76","C13_T_05_R",765,0.00769460444636069,0,NA,NA,NA,NA,NA,NA,13,"Catalan","target",5,"corrective","female",19,"Catalan, Spanish"
"77","C13_T_05_R",775,0.00778416114973199,0,NA,NA,NA,NA,NA,NA,13,"Catalan","target",5,"corrective","female",19,"Catalan, Spanish"
"78","C13_T_05_R",785,0.00785713781136776,0,NA,NA,NA,NA,NA,NA,13,"Catalan","target",5,"corrective","female",19,"Catalan, Spanish"
"79","C13_T_05_R",795,0.00790728658501849,0,NA,NA,NA,NA,NA,NA,13,"Catalan","target",5,"corrective","female",19,"Catalan, Spanish"
"80","C13_T_05_R",805,0.00792924025460971,0,NA,NA,NA,NA,NA,NA,13,"Catalan","target",5,"corrective","female",19,"Catalan, Spanish"
"81","C13_T_05_R",815,0.00792604402905616,0,NA,NA,NA,NA,NA,NA,13,"Catalan","target",5,"corrective","female",19,"Catalan, Spanish"
"82","C13_T_05_R",825,0.00790863773682679,0,NA,NA,NA,NA,NA,NA,13,"Catalan","target",5,"corrective","female",19,"Catalan, Spanish"
"83","C13_T_05_R",835,0.00788835565944263,0,NA,NA,NA,NA,NA,NA,13,"Catalan","target",5,"corrective","female",19,"Catalan, Spanish"
"84","C13_T_05_R",845,0.00787779749988339,0,NA,NA,NA,NA,NA,NA,13,"Catalan","target",5,"corrective","female",19,"Catalan, Spanish"
"85","C13_T_05_R",855,0.00787933989672938,0,NA,NA,NA,NA,NA,NA,13,"Catalan","target",5,"corrective","female",19,"Catalan, Spanish"
"86","C13_T_05_R",865,0.00788891228906629,0,NA,NA,NA,NA,NA,NA,13,"Catalan","target",5,"corrective","female",19,"Catalan, Spanish"
"87","C13_T_05_R",875,0.00790889668871541,0,NA,NA,NA,NA,NA,NA,13,"Catalan","target",5,"corrective","female",19,"Catalan, Spanish"
"88","C13_T_05_R",885,0.00794511311951318,0,NA,NA,NA,NA,NA,NA,13,"Catalan","target",5,"corrective","female",19,"Catalan, Spanish"
"89","C13_T_05_R",895,0.00800471506283309,0,NA,NA,NA,NA,NA,NA,13,"Catalan","target",5,"corrective","female",19,"Catalan, Spanish"
"90","C13_T_05_R",905,0.00809169329509785,0,NA,NA,NA,NA,NA,NA,13,"Catalan","target",5,"corrective","female",19,"Catalan, Spanish"
"91","C13_T_05_R",915,0.00819709332078607,0,NA,NA,NA,NA,NA,NA,13,"Catalan","target",5,"corrective","female",19,"Catalan, Spanish"
"92","C13_T_05_R",925,0.00830399449833906,0,NA,NA,NA,NA,NA,NA,13,"Catalan","target",5,"corrective","female",19,"Catalan, Spanish"
"93","C13_T_05_R",935,0.00839545075531451,0,NA,NA,NA,NA,NA,NA,13,"Catalan","target",5,"corrective","female",19,"Catalan, Spanish"
"94","C13_T_05_R",945,0.00845508951747178,0,NA,NA,NA,NA,NA,NA,13,"Catalan","target",5,"corrective","female",19,"Catalan, Spanish"
"95","C13_T_05_R",955,0.00856120488164398,0,NA,NA,NA,NA,NA,NA,13,"Catalan","target",5,"corrective","female",19,"Catalan, Spanish"
"96","C13_T_05_R",965,0.00903373166310911,0,NA,NA,NA,NA,NA,NA,13,"Catalan","target",5,"corrective","female",19,"Catalan, Spanish"
"97","C13_T_05_R",975,0.0104028918255288,0,NA,NA,NA,NA,NA,NA,13,"Catalan","target",5,"corrective","female",19,"Catalan, Spanish"
"98","C13_T_05_R",985,0.0133260562674293,0,NA,NA,NA,NA,NA,NA,13,"Catalan","target",5,"corrective","female",19,"Catalan, Spanish"
"99","C13_T_05_R",995,0.0185323857561034,0,NA,NA,NA,NA,NA,NA,13,"Catalan","target",5,"corrective","female",19,"Catalan, Spanish"
"100","C13_T_05_R",1005,0.0267001608460659,0,NA,NA,NA,NA,NA,NA,13,"Catalan","target",5,"corrective","female",19,"Catalan, Spanish"
"101","C13_T_05_R",1015,0.0383771488690261,0,NA,NA,NA,NA,NA,NA,13,"Catalan","target",5,"corrective","female",19,"Catalan, Spanish"
"102","C13_T_05_R",1025,0.0539848087133309,0,NA,NA,NA,NA,NA,NA,13,"Catalan","target",5,"corrective","female",19,"Catalan, Spanish"
"103","C13_T_05_R",1035,0.0738283049938786,0,NA,NA,NA,NA,NA,NA,13,"Catalan","target",5,"corrective","female",19,"Catalan, Spanish"
"104","C13_T_05_R",1045,0.097966963780372,0,NA,NA,NA,NA,NA,NA,13,"Catalan","target",5,"corrective","female",19,"Catalan, Spanish"
"105","C13_T_05_R",1055,0.125863659974936,234.882797241211,NA,NA,NA,NA,NA,NA,13,"Catalan","target",5,"corrective","female",19,"Catalan, Spanish"
"106","C13_T_05_R",1065,0.156412838045444,227.900268554688,NA,NA,NA,NA,NA,NA,13,"Catalan","target",5,"corrective","female",19,"Catalan, Spanish"
"107","C13_T_05_R",1075,0.188278228156144,227.995788574219,NA,NA,NA,NA,NA,NA,13,"Catalan","target",5,"corrective","female",19,"Catalan, Spanish"
"108","C13_T_05_R",1085,0.219987829863718,225.002197265625,NA,NA,NA,NA,NA,NA,13,"Catalan","target",5,"corrective","female",19,"Catalan, Spanish"
"109","C13_T_05_R",1095,0.24999661367933,225.599243164062,NA,NA,NA,NA,NA,NA,13,"Catalan","target",5,"corrective","female",19,"Catalan, Spanish"
"110","C13_T_05_R",1105,0.276874212872837,228.7177734375,NA,NA,NA,NA,NA,NA,13,"Catalan","target",5,"corrective","female",19,"Catalan, Spanish"
"111","C13_T_05_R",1115,0.299513937767863,233.953750610352,NA,NA,NA,NA,NA,NA,13,"Catalan","target",5,"corrective","female",19,"Catalan, Spanish"
"112","C13_T_05_R",1125,0.317195596615791,238.501907348633,NA,NA,NA,NA,NA,NA,13,"Catalan","target",5,"corrective","female",19,"Catalan, Spanish"
"113","C13_T_05_R",1135,0.329574869672414,247.250091552734,NA,NA,NA,NA,NA,NA,13,"Catalan","target",5,"corrective","female",19,"Catalan, Spanish"
"114","C13_T_05_R",1145,0.336941751394023,252.364547729492,NA,NA,NA,NA,NA,NA,13,"Catalan","target",5,"corrective","female",19,"Catalan, Spanish"
"115","C13_T_05_R",1155,0.340256447392368,259.377685546875,NA,NA,NA,NA,NA,NA,13,"Catalan","target",5,"corrective","female",19,"Catalan, Spanish"
"116","C13_T_05_R",1165,0.340706037274529,262.2607421875,NA,NA,NA,NA,NA,NA,13,"Catalan","target",5,"corrective","female",19,"Catalan, Spanish"
"117","C13_T_05_R",1175,0.339428535251403,263.351898193359,NA,NA,NA,NA,NA,NA,13,"Catalan","target",5,"corrective","female",19,"Catalan, Spanish"
"118","C13_T_05_R",1185,0.337314818810252,266.004730224609,NA,NA,NA,NA,NA,NA,13,"Catalan","target",5,"corrective","female",19,"Catalan, Spanish"
"119","C13_T_05_R",1195,0.334936475349707,266.697540283203,NA,NA,NA,NA,NA,NA,13,"Catalan","target",5,"corrective","female",19,"Catalan, Spanish"
"120","C13_T_05_R",1205,0.332793856215839,264.700225830078,NA,NA,NA,NA,NA,NA,13,"Catalan","target",5,"corrective","female",19,"Catalan, Spanish"
"121","C13_T_05_R",1215,0.331382190927933,263.303314208984,NA,NA,NA,NA,NA,NA,13,"Catalan","target",5,"corrective","female",19,"Catalan, Spanish"
"122","C13_T_05_R",1225,0.330927149072903,254.618194580078,NA,NA,NA,NA,NA,NA,13,"Catalan","target",5,"corrective","female",19,"Catalan, Spanish"
"123","C13_T_05_R",1235,0.331197261470954,263.152801513672,NA,NA,NA,NA,NA,NA,13,"Catalan","target",5,"corrective","female",19,"Catalan, Spanish"
"124","C13_T_05_R",1245,0.3315823149492,259.048126220703,NA,NA,NA,NA,NA,NA,13,"Catalan","target",5,"corrective","female",19,"Catalan, Spanish"
"125","C13_T_05_R",1255,0.331596140823097,252.768539428711,NA,NA,NA,NA,NA,NA,13,"Catalan","target",5,"corrective","female",19,"Catalan, Spanish"
"126","C13_T_05_R",1265,0.331146390810932,257.016632080078,NA,NA,NA,NA,NA,NA,13,"Catalan","target",5,"corrective","female",19,"Catalan, Spanish"
"127","C13_T_05_R",1275,0.33037875453591,253.859115600586,NA,NA,NA,NA,NA,NA,13,"Catalan","target",5,"corrective","female",19,"Catalan, Spanish"
"128","C13_T_05_R",1285,0.329546778808047,252.870559692383,NA,NA,NA,NA,NA,NA,13,"Catalan","target",5,"corrective","female",19,"Catalan, Spanish"
"129","C13_T_05_R",1295,0.328775820630213,253.506988525391,NA,NA,NA,NA,NA,NA,13,"Catalan","target",5,"corrective","female",19,"Catalan, Spanish"
"130","C13_T_05_R",1305,0.327901001136838,252.637115478516,NA,NA,NA,NA,NA,NA,13,"Catalan","target",5,"corrective","female",19,"Catalan, Spanish"
"131","C13_T_05_R",1315,0.326467687439753,251.177398681641,NA,NA,NA,NA,NA,NA,13,"Catalan","target",5,"corrective","female",19,"Catalan, Spanish"
"132","C13_T_05_R",1325,0.323958462136673,249.869857788086,NA,NA,NA,NA,NA,NA,13,"Catalan","target",5,"corrective","female",19,"Catalan, Spanish"
"133","C13_T_05_R",1335,0.320323805967712,243.499084472656,NA,NA,NA,NA,NA,NA,13,"Catalan","target",5,"corrective","female",19,"Catalan, Spanish"
"134","C13_T_05_R",1345,0.315892901112989,244.453796386719,NA,NA,NA,NA,NA,NA,13,"Catalan","target",5,"corrective","female",19,"Catalan, Spanish"
"135","C13_T_05_R",1355,0.310784076180538,242.817138671875,NA,NA,NA,NA,NA,NA,13,"Catalan","target",5,"corrective","female",19,"Catalan, Spanish"
"136","C13_T_05_R",1365,0.304893117234437,240.35221862793,NA,NA,NA,NA,NA,NA,13,"Catalan","target",5,"corrective","female",19,"Catalan, Spanish"
"137","C13_T_05_R",1375,0.298182658580883,240.877883911133,NA,NA,NA,NA,NA,NA,13,"Catalan","target",5,"corrective","female",19,"Catalan, Spanish"
"138","C13_T_05_R",1385,0.2908420211964,243.431381225586,NA,NA,NA,NA,NA,NA,13,"Catalan","target",5,"corrective","female",19,"Catalan, Spanish"
"139","C13_T_05_R",1395,0.283276244526689,229.555236816406,NA,NA,NA,NA,NA,NA,13,"Catalan","target",5,"corrective","female",19,"Catalan, Spanish"
"140","C13_T_05_R",1405,0.275869847734236,226.468505859375,NA,NA,NA,NA,NA,NA,13,"Catalan","target",5,"corrective","female",19,"Catalan, Spanish"
"141","C13_T_05_R",1415,0.268922799160458,232.260375976562,NA,NA,NA,NA,NA,NA,13,"Catalan","target",5,"corrective","female",19,"Catalan, Spanish"
"142","C13_T_05_R",1425,0.262938429455367,249.992172241211,NA,NA,NA,NA,NA,NA,13,"Catalan","target",5,"corrective","female",19,"Catalan, Spanish"
"143","C13_T_05_R",1435,0.258807311997226,253.249435424805,NA,NA,NA,NA,NA,NA,13,"Catalan","target",5,"corrective","female",19,"Catalan, Spanish"
"144","C13_T_05_R",1445,0.257502903225575,249.618804931641,NA,NA,NA,NA,NA,NA,13,"Catalan","target",5,"corrective","female",19,"Catalan, Spanish"
"145","C13_T_05_R",1455,0.259457055549151,253.654037475586,NA,NA,NA,NA,NA,NA,13,"Catalan","target",5,"corrective","female",19,"Catalan, Spanish"
"146","C13_T_05_R",1465,0.264507847630511,252.022186279297,NA,NA,NA,NA,NA,NA,13,"Catalan","target",5,"corrective","female",19,"Catalan, Spanish"
"147","C13_T_05_R",1475,0.272239046811301,256.976501464844,NA,NA,NA,NA,NA,NA,13,"Catalan","target",5,"corrective","female",19,"Catalan, Spanish"
"148","C13_T_05_R",1485,0.282073421193887,250.398040771484,NA,NA,NA,NA,NA,NA,13,"Catalan","target",5,"corrective","female",19,"Catalan, Spanish"
"149","C13_T_05_R",1495,0.293398315238533,258.561187744141,NA,NA,NA,NA,NA,NA,13,"Catalan","target",5,"corrective","female",19,"Catalan, Spanish"
"150","C13_T_05_R",1505,0.305643946648041,255.581130981445,NA,NA,NA,NA,NA,NA,13,"Catalan","target",5,"corrective","female",19,"Catalan, Spanish"
"151","C13_T_05_R",1515,0.3181960017458,254.8193359375,NA,NA,NA,NA,NA,NA,13,"Catalan","target",5,"corrective","female",19,"Catalan, Spanish"
"152","C13_T_05_R",1525,0.330086320668401,254.563064575195,NA,NA,NA,NA,NA,NA,13,"Catalan","target",5,"corrective","female",19,"Catalan, Spanish"
"153","C13_T_05_R",1535,0.339610405805387,251.747039794922,NA,NA,NA,NA,NA,NA,13,"Catalan","target",5,"corrective","female",19,"Catalan, Spanish"
"154","C13_T_05_R",1545,0.344680373467077,247.807373046875,NA,NA,NA,NA,NA,NA,13,"Catalan","target",5,"corrective","female",19,"Catalan, Spanish"
"155","C13_T_05_R",1555,0.343622973570661,241.483642578125,NA,NA,NA,NA,NA,NA,13,"Catalan","target",5,"corrective","female",19,"Catalan, Spanish"
"156","C13_T_05_R",1565,0.335510502901001,241.7490234375,NA,NA,NA,NA,NA,NA,13,"Catalan","target",5,"corrective","female",19,"Catalan, Spanish"
"157","C13_T_05_R",1575,0.320152614861847,231.870239257812,NA,NA,NA,NA,NA,NA,13,"Catalan","target",5,"corrective","female",19,"Catalan, Spanish"
"158","C13_T_05_R",1585,0.298078633431117,227.673568725586,NA,NA,NA,NA,NA,NA,13,"Catalan","target",5,"corrective","female",19,"Catalan, Spanish"
"159","C13_T_05_R",1595,0.270496384659685,224.047012329102,NA,NA,NA,NA,NA,NA,13,"Catalan","target",5,"corrective","female",19,"Catalan, Spanish"
"160","C13_T_05_R",1605,0.239285455227584,214.645629882812,NA,NA,NA,NA,NA,NA,13,"Catalan","target",5,"corrective","female",19,"Catalan, Spanish"
"161","C13_T_05_R",1615,0.206975370647478,218.368209838867,NA,NA,NA,NA,NA,NA,13,"Catalan","target",5,"corrective","female",19,"Catalan, Spanish"
"162","C13_T_05_R",1625,0.176229667536265,0,NA,NA,NA,NA,NA,NA,13,"Catalan","target",5,"corrective","female",19,"Catalan, Spanish"
"163","C13_T_05_R",1635,0.149141067135981,0,NA,NA,NA,NA,NA,NA,13,"Catalan","target",5,"corrective","female",19,"Catalan, Spanish"
"164","C13_T_05_R",1645,0.127169474055147,0,NA,NA,NA,NA,NA,NA,13,"Catalan","target",5,"corrective","female",19,"Catalan, Spanish"
"165","C13_T_05_R",1655,0.11146456992573,0,NA,NA,NA,NA,NA,NA,13,"Catalan","target",5,"corrective","female",19,"Catalan, Spanish"
"166","C13_T_05_R",1665,0.102557501925021,0,NA,NA,NA,NA,NA,NA,13,"Catalan","target",5,"corrective","female",19,"Catalan, Spanish"
"167","C13_T_05_R",1675,0.0998329490152092,0,NA,NA,NA,NA,NA,NA,13,"Catalan","target",5,"corrective","female",19,"Catalan, Spanish"
"168","C13_T_05_R",1685,0.101790499498945,0,NA,NA,NA,NA,NA,NA,13,"Catalan","target",5,"corrective","female",19,"Catalan, Spanish"
"169","C13_T_05_R",1695,0.10654042503792,0,NA,NA,NA,NA,NA,NA,13,"Catalan","target",5,"corrective","female",19,"Catalan, Spanish"
"170","C13_T_05_R",1705,0.112123670476439,225.407806396484,NA,NA,NA,NA,NA,NA,13,"Catalan","target",5,"corrective","female",19,"Catalan, Spanish"
"171","C13_T_05_R",1715,0.116850238211963,226.147262573242,NA,NA,NA,NA,NA,NA,13,"Catalan","target",5,"corrective","female",19,"Catalan, Spanish"
"172","C13_T_05_R",1725,0.119641547962085,226.353500366211,NA,NA,NA,NA,NA,NA,13,"Catalan","target",5,"corrective","female",19,"Catalan, Spanish"
"173","C13_T_05_R",1735,0.120052787064661,223.071563720703,NA,NA,NA,NA,NA,NA,13,"Catalan","target",5,"corrective","female",19,"Catalan, Spanish"
"174","C13_T_05_R",1745,0.11792944012477,217.371719360352,NA,NA,NA,NA,NA,NA,13,"Catalan","target",5,"corrective","female",19,"Catalan, Spanish"
"175","C13_T_05_R",1755,0.113299628983213,220.863540649414,NA,NA,NA,NA,NA,NA,13,"Catalan","target",5,"corrective","female",19,"Catalan, Spanish"
"176","C13_T_05_R",1765,0.106475909883077,0,NA,NA,NA,NA,NA,NA,13,"Catalan","target",5,"corrective","female",19,"Catalan, Spanish"
"177","C13_T_05_R",1775,0.0980224975455157,0,NA,NA,NA,NA,NA,NA,13,"Catalan","target",5,"corrective","female",19,"Catalan, Spanish"
"178","C13_T_05_R",1785,0.0886954843341933,0,NA,NA,NA,NA,NA,NA,13,"Catalan","target",5,"corrective","female",19,"Catalan, Spanish"
"179","C13_T_05_R",1795,0.0793461009594209,0,NA,NA,NA,NA,NA,NA,13,"Catalan","target",5,"corrective","female",19,"Catalan, Spanish"
"180","C13_T_05_R",1805,0.0707272935009403,0,NA,NA,NA,NA,NA,NA,13,"Catalan","target",5,"corrective","female",19,"Catalan, Spanish"
"181","C13_T_05_R",1815,0.0635169586264082,0,NA,NA,NA,NA,NA,NA,13,"Catalan","target",5,"corrective","female",19,"Catalan, Spanish"
"182","C13_T_05_R",1825,0.0584416247467293,0,NA,NA,NA,NA,NA,NA,13,"Catalan","target",5,"corrective","female",19,"Catalan, Spanish"
"183","C13_T_05_R",1835,0.0562800024065174,0,NA,NA,NA,NA,NA,NA,13,"Catalan","target",5,"corrective","female",19,"Catalan, Spanish"
"184","C13_T_05_R",1845,0.0577785040569378,0,NA,NA,NA,NA,NA,NA,13,"Catalan","target",5,"corrective","female",19,"Catalan, Spanish"
"185","C13_T_05_R",1855,0.0632605543626115,0,NA,NA,NA,NA,NA,NA,13,"Catalan","target",5,"corrective","female",19,"Catalan, Spanish"
"186","C13_T_05_R",1865,0.0725065842125843,0,NA,NA,NA,NA,NA,NA,13,"Catalan","target",5,"corrective","female",19,"Catalan, Spanish"
"187","C13_T_05_R",1875,0.0850911992315928,0,NA,NA,NA,NA,NA,NA,13,"Catalan","target",5,"corrective","female",19,"Catalan, Spanish"
"188","C13_T_05_R",1885,0.10040602818828,0,NA,NA,NA,NA,NA,NA,13,"Catalan","target",5,"corrective","female",19,"Catalan, Spanish"
"189","C13_T_05_R",1895,0.117549101274731,0,NA,NA,NA,NA,NA,NA,13,"Catalan","target",5,"corrective","female",19,"Catalan, Spanish"
"190","C13_T_05_R",1905,0.135357484980959,318.397369384766,NA,NA,NA,NA,NA,NA,13,"Catalan","target",5,"corrective","female",19,"Catalan, Spanish"
"191","C13_T_05_R",1915,0.152485124062573,272.721832275391,NA,NA,NA,NA,NA,NA,13,"Catalan","target",5,"corrective","female",19,"Catalan, Spanish"
"192","C13_T_05_R",1925,0.167608732256552,273.231811523438,NA,NA,NA,NA,NA,NA,13,"Catalan","target",5,"corrective","female",19,"Catalan, Spanish"
"193","C13_T_05_R",1935,0.179708885966387,271.050842285156,NA,NA,NA,NA,NA,NA,13,"Catalan","target",5,"corrective","female",19,"Catalan, Spanish"
"194","C13_T_05_R",1945,0.188279080594553,267.426544189453,NA,NA,NA,NA,NA,NA,13,"Catalan","target",5,"corrective","female",19,"Catalan, Spanish"
"195","C13_T_05_R",1955,0.193316316278515,259.082580566406,NA,NA,NA,NA,NA,NA,13,"Catalan","target",5,"corrective","female",19,"Catalan, Spanish"
"196","C13_T_05_R",1965,0.195184810603439,261.870269775391,NA,NA,NA,NA,NA,NA,13,"Catalan","target",5,"corrective","female",19,"Catalan, Spanish"
"197","C13_T_05_R",1975,0.194506134170093,254.538482666016,NA,NA,NA,NA,NA,NA,13,"Catalan","target",5,"corrective","female",19,"Catalan, Spanish"
"198","C13_T_05_R",1985,0.192106611253748,252.430374145508,NA,NA,NA,NA,NA,NA,13,"Catalan","target",5,"corrective","female",19,"Catalan, Spanish"
"199","C13_T_05_R",1995,0.188883841747134,250.620025634766,NA,NA,NA,NA,NA,NA,13,"Catalan","target",5,"corrective","female",19,"Catalan, Spanish"
"200","C13_T_05_R",2005,0.185698052702682,248.760040283203,NA,NA,NA,NA,NA,NA,13,"Catalan","target",5,"corrective","female",19,"Catalan, Spanish"
"201","C13_T_05_R",2015,0.1830649336979,243.571105957031,NA,NA,NA,NA,NA,NA,13,"Catalan","target",5,"corrective","female",19,"Catalan, Spanish"
"202","C13_T_05_R",2025,0.18103992109195,249.334136962891,NA,NA,NA,NA,NA,NA,13,"Catalan","target",5,"corrective","female",19,"Catalan, Spanish"
"203","C13_T_05_R",2035,0.179380301579276,241.811386108398,NA,NA,NA,NA,NA,NA,13,"Catalan","target",5,"corrective","female",19,"Catalan, Spanish"
"204","C13_T_05_R",2045,0.17762627674786,227.810928344727,NA,NA,NA,NA,NA,NA,13,"Catalan","target",5,"corrective","female",19,"Catalan, Spanish"
"205","C13_T_05_R",2055,0.175407372473401,222.737823486328,NA,NA,NA,NA,NA,NA,13,"Catalan","target",5,"corrective","female",19,"Catalan, Spanish"
"206","C13_T_05_R",2065,0.172577883127028,216.383743286133,NA,NA,NA,NA,NA,NA,13,"Catalan","target",5,"corrective","female",19,"Catalan, Spanish"
"207","C13_T_05_R",2075,0.169054356094104,212.489273071289,NA,NA,NA,NA,NA,NA,13,"Catalan","target",5,"corrective","female",19,"Catalan, Spanish"
"208","C13_T_05_R",2085,0.164742940457804,208.277770996094,NA,NA,NA,NA,NA,NA,13,"Catalan","target",5,"corrective","female",19,"Catalan, Spanish"
"209","C13_T_05_R",2095,0.159536727025006,204.948638916016,NA,NA,NA,NA,NA,NA,13,"Catalan","target",5,"corrective","female",19,"Catalan, Spanish"
"210","C13_T_05_R",2105,0.153355567627426,205.594970703125,NA,NA,NA,NA,NA,NA,13,"Catalan","target",5,"corrective","female",19,"Catalan, Spanish"
"211","C13_T_05_R",2115,0.146154647816148,204.973617553711,NA,NA,NA,NA,NA,NA,13,"Catalan","target",5,"corrective","female",19,"Catalan, Spanish"
"212","C13_T_05_R",2125,0.137916044285863,201.104782104492,NA,NA,NA,NA,NA,NA,13,"Catalan","target",5,"corrective","female",19,"Catalan, Spanish"
"213","C13_T_05_R",2135,0.128701624933103,201.790344238281,NA,NA,NA,NA,NA,NA,13,"Catalan","target",5,"corrective","female",19,"Catalan, Spanish"
"214","C13_T_05_R",2145,0.118607404415024,199.317260742188,NA,NA,NA,NA,NA,NA,13,"Catalan","target",5,"corrective","female",19,"Catalan, Spanish"
"215","C13_T_05_R",2155,0.107760276412636,196.934417724609,NA,NA,NA,NA,NA,NA,13,"Catalan","target",5,"corrective","female",19,"Catalan, Spanish"
"216","C13_T_05_R",2165,0.0964052459784596,192.906372070312,NA,NA,NA,NA,NA,NA,13,"Catalan","target",5,"corrective","female",19,"Catalan, Spanish"
"217","C13_T_05_R",2175,0.0849171001363214,187.965728759766,NA,NA,NA,NA,NA,NA,13,"Catalan","target",5,"corrective","female",19,"Catalan, Spanish"
"218","C13_T_05_R",2185,0.0736971985545281,0,NA,NA,NA,NA,NA,NA,13,"Catalan","target",5,"corrective","female",19,"Catalan, Spanish"
"219","C13_T_05_R",2195,0.063166417580128,0,NA,NA,NA,NA,NA,NA,13,"Catalan","target",5,"corrective","female",19,"Catalan, Spanish"
"220","C13_T_05_R",2205,0.0537231212160535,0,NA,NA,NA,NA,NA,NA,13,"Catalan","target",5,"corrective","female",19,"Catalan, Spanish"
"221","C13_T_05_R",2215,0.0455894750333381,0,NA,NA,NA,NA,NA,NA,13,"Catalan","target",5,"corrective","female",19,"Catalan, Spanish"
"222","C13_T_05_R",2225,0.0387757212081528,0,NA,NA,NA,NA,NA,NA,13,"Catalan","target",5,"corrective","female",19,"Catalan, Spanish"
"223","C13_T_05_R",2235,0.0332152506616785,0,NA,NA,NA,NA,NA,NA,13,"Catalan","target",5,"corrective","female",19,"Catalan, Spanish"
"224","C13_T_05_R",2245,0.0289130434408855,0,NA,NA,NA,NA,NA,NA,13,"Catalan","target",5,"corrective","female",19,"Catalan, Spanish"
"225","C13_T_05_R",2255,0.0260173923758332,0,NA,NA,NA,NA,NA,NA,13,"Catalan","target",5,"corrective","female",19,"Catalan, Spanish"
"226","C13_T_05_R",2265,0.0247903488366643,0,NA,NA,NA,NA,NA,NA,13,"Catalan","target",5,"corrective","female",19,"Catalan, Spanish"
"227","C13_T_05_R",2275,0.0254810260342779,0,NA,NA,NA,NA,NA,NA,13,"Catalan","target",5,"corrective","female",19,"Catalan, Spanish"
"228","C13_T_05_R",2285,0.0282759450458059,0,"La blava",NA,NA,NA,"1","pre",13,"Catalan","target",5,"corrective","female",19,"Catalan, Spanish"
"229","C13_T_05_R",2295,0.0333127255996138,0,"La blava",NA,NA,NA,"1","pre",13,"Catalan","target",5,"corrective","female",19,"Catalan, Spanish"
"230","C13_T_05_R",2305,0.0406418244057987,0,"La blava",NA,NA,NA,"1","pre",13,"Catalan","target",5,"corrective","female",19,"Catalan, Spanish"
"231","C13_T_05_R",2315,0.0504355042780427,0,"La blava",NA,NA,NA,"1","pre",13,"Catalan","target",5,"corrective","female",19,"Catalan, Spanish"
"232","C13_T_05_R",2325,0.0631300434257686,0,"La blava",NA,NA,NA,"1","pre",13,"Catalan","target",5,"corrective","female",19,"Catalan, Spanish"
"233","C13_T_05_R",2335,0.0791456795243444,0,"La blava",NA,NA,NA,"1","pre",13,"Catalan","target",5,"corrective","female",19,"Catalan, Spanish"
"234","C13_T_05_R",2345,0.098571782054869,195.754028320312,"La blava",NA,NA,NA,"1","pre",13,"Catalan","target",5,"corrective","female",19,"Catalan, Spanish"
"235","C13_T_05_R",2355,0.12096956587303,202.200607299805,"La blava",NA,NA,NA,"1","pre",13,"Catalan","target",5,"corrective","female",19,"Catalan, Spanish"
"236","C13_T_05_R",2365,0.145395769931826,199.394195556641,"La blava",NA,NA,NA,"1","pre",13,"Catalan","target",5,"corrective","female",19,"Catalan, Spanish"
"237","C13_T_05_R",2375,0.170603050115643,199.76936340332,"La blava",NA,NA,NA,"1","pre",13,"Catalan","target",5,"corrective","female",19,"Catalan, Spanish"
"238","C13_T_05_R",2385,0.195185514839889,198.926803588867,"La blava",NA,NA,NA,"1","pre",13,"Catalan","target",5,"corrective","female",19,"Catalan, Spanish"
"239","C13_T_05_R",2395,0.217658171982905,199.049224853516,"La blava",NA,NA,NA,"1","pre",13,"Catalan","target",5,"corrective","female",19,"Catalan, Spanish"
"240","C13_T_05_R",2405,0.236508415386457,208.295700073242,"La blava",NA,NA,NA,"1","pre",13,"Catalan","target",5,"corrective","female",19,"Catalan, Spanish"
"241","C13_T_05_R",2415,0.250370479243456,201.005676269531,"La blava",NA,NA,NA,"1","pre",13,"Catalan","target",5,"corrective","female",19,"Catalan, Spanish"
"242","C13_T_05_R",2425,0.258285500373587,201.186813354492,"La blava",NA,NA,NA,"1","pre",13,"Catalan","target",5,"corrective","female",19,"Catalan, Spanish"
"243","C13_T_05_R",2435,0.259809786115341,202.060516357422,"La blava",NA,NA,NA,"1","pre",13,"Catalan","target",5,"corrective","female",19,"Catalan, Spanish"
"244","C13_T_05_R",2445,0.255071060575447,201.864334106445,"La blava",NA,NA,NA,"1","pre",13,"Catalan","target",5,"corrective","female",19,"Catalan, Spanish"
"245","C13_T_05_R",2455,0.244786616298754,202.039794921875,"La blava",NA,NA,NA,"1","pre",13,"Catalan","target",5,"corrective","female",19,"Catalan, Spanish"
"246","C13_T_05_R",2465,0.230223351484652,201.707427978516,"La blava","A","-1","3","2","bla",13,"Catalan","target",5,"corrective","female",19,"Catalan, Spanish"
"247","C13_T_05_R",2475,0.213085807947692,202.18359375,"La blava","A","-1","3","2","bla",13,"Catalan","target",5,"corrective","female",19,"Catalan, Spanish"
"248","C13_T_05_R",2485,0.195315869295538,202.902481079102,"La blava","A","-1","3","2","bla",13,"Catalan","target",5,"corrective","female",19,"Catalan, Spanish"
"249","C13_T_05_R",2495,0.178869531705456,0,"La blava","A","-1","3","2","bla",13,"Catalan","target",5,"corrective","female",19,"Catalan, Spanish"
"250","C13_T_05_R",2505,0.165486200726646,188.596969604492,"La blava","A","-1","3","2","bla",13,"Catalan","target",5,"corrective","female",19,"Catalan, Spanish"
"251","C13_T_05_R",2515,0.156280665525339,197.486190795898,"La blava","A","-1","3","2","bla",13,"Catalan","target",5,"corrective","female",19,"Catalan, Spanish"
"252","C13_T_05_R",2525,0.151771982059047,195.981704711914,"La blava","A","-1","3","2","bla",13,"Catalan","target",5,"corrective","female",19,"Catalan, Spanish"
"253","C13_T_05_R",2535,0.152294342992918,192.159378051758,"La blava","A","-1","3","2","bla",13,"Catalan","target",5,"corrective","female",19,"Catalan, Spanish"
"254","C13_T_05_R",2545,0.15775629912233,202.76057434082,"La blava","A","-1","3","2","bla",13,"Catalan","target",5,"corrective","female",19,"Catalan, Spanish"
"255","C13_T_05_R",2555,0.1675292679946,206.082565307617,"La blava","A","-1","3","2","bla",13,"Catalan","target",5,"corrective","female",19,"Catalan, Spanish"
"256","C13_T_05_R",2565,0.180663970806375,209.279510498047,"La blava","A","-1","3","2","bla",13,"Catalan","target",5,"corrective","female",19,"Catalan, Spanish"
"257","C13_T_05_R",2575,0.195904868732998,209.771102905273,"La blava","A","-1","3","2","bla",13,"Catalan","target",5,"corrective","female",19,"Catalan, Spanish"
"258","C13_T_05_R",2585,0.211868716228072,210.980316162109,"La blava","A","-1","3","2","bla",13,"Catalan","target",5,"corrective","female",19,"Catalan, Spanish"
"259","C13_T_05_R",2595,0.227267248003635,212.60888671875,"La blava","A","-1","3","2","bla",13,"Catalan","target",5,"corrective","female",19,"Catalan, Spanish"
"260","C13_T_05_R",2605,0.24109970714925,215.111907958984,"La blava","A","-1","3","2","bla",13,"Catalan","target",5,"corrective","female",19,"Catalan, Spanish"
"261","C13_T_05_R",2615,0.252702893934365,0,"La blava","A","-1","3","2","bla",13,"Catalan","target",5,"corrective","female",19,"Catalan, Spanish"
"262","C13_T_05_R",2625,0.261653166069354,218.625930786133,"La blava","A","-1","3","2","bla",13,"Catalan","target",5,"corrective","female",19,"Catalan, Spanish"
"263","C13_T_05_R",2635,0.267732193549314,218.270294189453,"La blava","A","-1","3","2","bla",13,"Catalan","target",5,"corrective","female",19,"Catalan, Spanish"
"264","C13_T_05_R",2645,0.27084607006457,218.259887695312,"La blava","A","-1","3","2","bla",13,"Catalan","target",5,"corrective","female",19,"Catalan, Spanish"
"265","C13_T_05_R",2655,0.270793372529396,219.531784057617,"La blava","A","-1","3","2","bla",13,"Catalan","target",5,"corrective","female",19,"Catalan, Spanish"
"266","C13_T_05_R",2665,0.267270531627233,219.922866821289,"La blava","A","-1","3","2","bla",13,"Catalan","target",5,"corrective","female",19,"Catalan, Spanish"
"267","C13_T_05_R",2675,0.260158198864979,219.908187866211,"La blava","A","-1","3","2","bla",13,"Catalan","target",5,"corrective","female",19,"Catalan, Spanish"
"268","C13_T_05_R",2685,0.249672968889446,219.777069091797,"La blava","A","-1","3","2","bla",13,"Catalan","target",5,"corrective","female",19,"Catalan, Spanish"
"269","C13_T_05_R",2695,0.236449760092383,218.941680908203,"La blava","A","-1","3","2","bla",13,"Catalan","target",5,"corrective","female",19,"Catalan, Spanish"
"270","C13_T_05_R",2705,0.22153236704575,218.718231201172,"La blava","A","-1","3","2","bla",13,"Catalan","target",5,"corrective","female",19,"Catalan, Spanish"
"271","C13_T_05_R",2715,0.206169902190758,217.688049316406,"La blava","A","-1",NA,"3","post",13,"Catalan","target",5,"corrective","female",19,"Catalan, Spanish"
"272","C13_T_05_R",2725,0.191376747476684,216.08576965332,"La blava","A","-1",NA,"3","post",13,"Catalan","target",5,"corrective","female",19,"Catalan, Spanish"
"273","C13_T_05_R",2735,0.177633661982606,211.706329345703,"La blava","A","-1",NA,"3","post",13,"Catalan","target",5,"corrective","female",19,"Catalan, Spanish"
"274","C13_T_05_R",2745,0.165297319254407,206.194793701172,"La blava","A","-1",NA,"3","post",13,"Catalan","target",5,"corrective","female",19,"Catalan, Spanish"
"275","C13_T_05_R",2755,0.154777718563124,202.833786010742,"La blava","A","-1",NA,"3","post",13,"Catalan","target",5,"corrective","female",19,"Catalan, Spanish"
"276","C13_T_05_R",2765,0.146333337705567,206.175262451172,"La blava","A","-1",NA,"3","post",13,"Catalan","target",5,"corrective","female",19,"Catalan, Spanish"
"277","C13_T_05_R",2775,0.140045104407951,202.784439086914,"La blava","A","-1",NA,"3","post",13,"Catalan","target",5,"corrective","female",19,"Catalan, Spanish"
"278","C13_T_05_R",2785,0.135702964798043,200.088577270508,"La blava","A","-1",NA,"3","post",13,"Catalan","target",5,"corrective","female",19,"Catalan, Spanish"
"279","C13_T_05_R",2795,0.132796895361154,196.497436523438,"La blava","A","-1",NA,"3","post",13,"Catalan","target",5,"corrective","female",19,"Catalan, Spanish"
"280","C13_T_05_R",2805,0.13061743926868,193.388107299805,"La blava","A","-1",NA,"3","post",13,"Catalan","target",5,"corrective","female",19,"Catalan, Spanish"
"281","C13_T_05_R",2815,0.128351673501089,189.094253540039,"La blava","A","-1",NA,"3","post",13,"Catalan","target",5,"corrective","female",19,"Catalan, Spanish"
"282","C13_T_05_R",2825,0.125215196037726,185.508972167969,"La blava","A","-1",NA,"3","post",13,"Catalan","target",5,"corrective","female",19,"Catalan, Spanish"
"283","C13_T_05_R",2835,0.120549461539141,183.334976196289,"La blava","A","-1",NA,"3","post",13,"Catalan","target",5,"corrective","female",19,"Catalan, Spanish"
"284","C13_T_05_R",2845,0.113914875293246,178.460388183594,"La blava","A","-1",NA,"3","post",13,"Catalan","target",5,"corrective","female",19,"Catalan, Spanish"
"285","C13_T_05_R",2855,0.105306895140944,175.305114746094,NA,NA,NA,NA,NA,NA,13,"Catalan","target",5,"corrective","female",19,"Catalan, Spanish"
"286","C13_T_05_R",2865,0.0951541535130453,172.076416015625,NA,NA,NA,NA,NA,NA,13,"Catalan","target",5,"corrective","female",19,"Catalan, Spanish"
"287","C13_T_05_R",2875,0.0840660360407756,170.690521240234,NA,NA,NA,NA,NA,NA,13,"Catalan","target",5,"corrective","female",19,"Catalan, Spanish"
"288","C13_T_05_R",2885,0.0726849110635759,176.759567260742,NA,NA,NA,NA,NA,NA,13,"Catalan","target",5,"corrective","female",19,"Catalan, Spanish"
"289","C13_T_05_R",2895,0.0615749214244871,162.909469604492,NA,NA,NA,NA,NA,NA,13,"Catalan","target",5,"corrective","female",19,"Catalan, Spanish"
"290","C13_T_05_R",2905,0.0511603730898064,0,NA,NA,NA,NA,NA,NA,13,"Catalan","target",5,"corrective","female",19,"Catalan, Spanish"
"291","C13_T_05_R",2915,0.0417962222279505,0,NA,NA,NA,NA,NA,NA,13,"Catalan","target",5,"corrective","female",19,"Catalan, Spanish"
"292","C13_T_05_R",2925,0.0337626613771062,0,NA,NA,NA,NA,NA,NA,13,"Catalan","target",5,"corrective","female",19,"Catalan, Spanish"
"293","C13_T_05_R",2935,0.0271669531431372,0,NA,NA,NA,NA,NA,NA,13,"Catalan","target",5,"corrective","female",19,"Catalan, Spanish"
"294","C13_T_05_R",2945,0.0219465685433088,0,NA,NA,NA,NA,NA,NA,13,"Catalan","target",5,"corrective","female",19,"Catalan, Spanish"
"295","C13_T_05_R",2955,0.0179627131622174,0,NA,NA,NA,NA,NA,NA,13,"Catalan","target",5,"corrective","female",19,"Catalan, Spanish"
"296","C13_T_05_R",2965,0.01500982546074,0,NA,NA,NA,NA,NA,NA,13,"Catalan","target",5,"corrective","female",19,"Catalan, Spanish"
"297","C13_T_05_R",2975,0.0128224529207373,0,NA,NA,NA,NA,NA,NA,13,"Catalan","target",5,"corrective","female",19,"Catalan, Spanish"
"298","C13_T_05_R",2985,0.0111792718353958,0,NA,NA,NA,NA,NA,NA,13,"Catalan","target",5,"corrective","female",19,"Catalan, Spanish"
"299","C13_T_05_R",2995,0.00992397199149923,0,NA,NA,NA,NA,NA,NA,13,"Catalan","target",5,"corrective","female",19,"Catalan, Spanish"
"300","C13_T_05_R",3005,0.00892931159334016,0,NA,NA,NA,NA,NA,NA,13,"Catalan","target",5,"corrective","female",19,"Catalan, Spanish"
"301","C13_T_05_R",3015,0.00810408268598499,0,NA,NA,NA,NA,NA,NA,13,"Catalan","target",5,"corrective","female",19,"Catalan, Spanish"
"302","C13_T_05_R",3025,0.00738876833905199,0,NA,NA,NA,NA,NA,NA,13,"Catalan","target",5,"corrective","female",19,"Catalan, Spanish"
"303","C13_T_05_R",3035,0.00674829138097597,0,NA,NA,NA,NA,NA,NA,13,"Catalan","target",5,"corrective","female",19,"Catalan, Spanish"
"304","C13_T_05_R",3045,0.00616582912511091,0,NA,NA,NA,NA,NA,NA,13,"Catalan","target",5,"corrective","female",19,"Catalan, Spanish"
"305","C13_T_05_R",3055,0.00563962678246455,0,NA,NA,NA,NA,NA,NA,13,"Catalan","target",5,"corrective","female",19,"Catalan, Spanish"
"306","C13_T_05_R",3065,0.0051708412870284,0,NA,NA,NA,NA,NA,NA,13,"Catalan","target",5,"corrective","female",19,"Catalan, Spanish"
"307","C13_T_05_R",3075,0.00475033497238974,0,NA,NA,NA,NA,NA,NA,13,"Catalan","target",5,"corrective","female",19,"Catalan, Spanish"
"308","C13_T_05_R",3085,0.00437375043318968,0,NA,NA,NA,NA,NA,NA,13,"Catalan","target",5,"corrective","female",19,"Catalan, Spanish"
"309","C13_T_05_R",3095,0.00404398033027769,0,NA,NA,NA,NA,NA,NA,13,"Catalan","target",5,"corrective","female",19,"Catalan, Spanish"
"310","C13_T_05_R",3105,0.00376736309198555,0,NA,NA,NA,NA,NA,NA,13,"Catalan","target",5,"corrective","female",19,"Catalan, Spanish"
"311","C13_T_05_R",3115,0.00355034181145846,0,NA,NA,NA,NA,NA,NA,13,"Catalan","target",5,"corrective","female",19,"Catalan, Spanish"
"312","C13_T_05_R",3125,0.00339440093137789,0,NA,NA,NA,NA,NA,NA,13,"Catalan","target",5,"corrective","female",19,"Catalan, Spanish"
"313","C13_T_05_R",3135,0.00329640104293265,0,NA,NA,NA,NA,NA,NA,13,"Catalan","target",5,"corrective","female",19,"Catalan, Spanish"
"314","C13_T_05_R",3145,0.00324933126604406,0,NA,NA,NA,NA,NA,NA,13,"Catalan","target",5,"corrective","female",19,"Catalan, Spanish"
"315","C13_T_05_R",3155,0.00324227235723906,0,NA,NA,NA,NA,NA,NA,13,"Catalan","target",5,"corrective","female",19,"Catalan, Spanish"
"316","C13_T_05_R",3165,0.00326508232725064,0,NA,NA,NA,NA,NA,NA,13,"Catalan","target",5,"corrective","female",19,"Catalan, Spanish"
"317","C13_T_05_R",3175,0.00330862157836916,0,NA,NA,NA,NA,NA,NA,13,"Catalan","target",5,"corrective","female",19,"Catalan, Spanish"
"318","C13_T_05_R",3185,0.00336566057680786,0,NA,NA,NA,NA,NA,NA,13,"Catalan","target",5,"corrective","female",19,"Catalan, Spanish"
"319","C13_T_05_R",3195,0.00343161217637853,0,NA,NA,NA,NA,NA,NA,13,"Catalan","target",5,"corrective","female",19,"Catalan, Spanish"
"320","C13_T_05_R",3205,0.00349773635722937,0,NA,NA,NA,NA,NA,NA,13,"Catalan","target",5,"corrective","female",19,"Catalan, Spanish"
"321","C13_T_05_R",3215,0.00355345392181557,0,NA,NA,NA,NA,NA,NA,13,"Catalan","target",5,"corrective","female",19,"Catalan, Spanish"
"322","C13_T_05_R",3225,0.00359037100617739,0,NA,NA,NA,NA,NA,NA,13,"Catalan","target",5,"corrective","female",19,"Catalan, Spanish"
"323","C13_T_05_R",3235,0.00360492962394493,0,NA,NA,NA,NA,NA,NA,13,"Catalan","target",5,"corrective","female",19,"Catalan, Spanish"
"324","C13_T_05_R",3245,0.00359938629009766,0,NA,NA,NA,NA,NA,NA,13,"Catalan","target",5,"corrective","female",19,"Catalan, Spanish"
"325","C13_T_05_R",3255,0.00357688541770722,0,NA,NA,NA,NA,NA,NA,13,"Catalan","target",5,"corrective","female",19,"Catalan, Spanish"
"326","C13_T_05_R",3265,0.00354086453560633,0,NA,NA,NA,NA,NA,NA,13,"Catalan","target",5,"corrective","female",19,"Catalan, Spanish"
"327","C13_T_05_R",3275,0.0034954763996583,0,NA,NA,NA,NA,NA,NA,13,"Catalan","target",5,"corrective","female",19,"Catalan, Spanish"
"328","C13_T_05_R",3285,0.00344304517084525,0,NA,NA,NA,NA,NA,NA,13,"Catalan","target",5,"corrective","female",19,"Catalan, Spanish"
"329","C13_T_05_R",3295,0.0033845481023653,0,NA,NA,NA,NA,NA,NA,13,"Catalan","target",5,"corrective","female",19,"Catalan, Spanish"
"330","C13_T_05_R",3305,0.00332327203958533,0,NA,NA,NA,NA,NA,NA,13,"Catalan","target",5,"corrective","female",19,"Catalan, Spanish"
"331","C13_T_05_R",3315,0.00326579354142401,0,NA,NA,NA,NA,NA,NA,13,"Catalan","target",5,"corrective","female",19,"Catalan, Spanish"
"332","C13_T_05_R",3325,0.00322062204151294,0,NA,NA,NA,NA,NA,NA,13,"Catalan","target",5,"corrective","female",19,"Catalan, Spanish"
"333","C13_T_05_R",3335,0.00319969194049866,0,NA,NA,NA,NA,NA,NA,13,"Catalan","target",5,"corrective","female",19,"Catalan, Spanish"
"334","C13_T_05_R",3345,0.00321120332101205,0,NA,NA,NA,NA,NA,NA,13,"Catalan","target",5,"corrective","female",19,"Catalan, Spanish"
"335","C13_T_05_R",3355,0.0032539056703075,0,NA,NA,NA,NA,NA,NA,13,"Catalan","target",5,"corrective","female",19,"Catalan, Spanish"
"336","C13_T_05_R",3365,0.00332230297027386,0,NA,NA,NA,NA,NA,NA,13,"Catalan","target",5,"corrective","female",19,"Catalan, Spanish"
"337","C13_T_05_R",3375,0.00340726752450405,0,NA,NA,NA,NA,NA,NA,13,"Catalan","target",5,"corrective","female",19,"Catalan, Spanish"
"338","C13_T_05_R",3385,0.00349336865614994,0,NA,NA,NA,NA,NA,NA,13,"Catalan","target",5,"corrective","female",19,"Catalan, Spanish"
"339","C13_T_05_R",3395,0.00356334661032475,0,NA,NA,NA,NA,NA,NA,13,"Catalan","target",5,"corrective","female",19,"Catalan, Spanish"
"340","C13_T_05_R",3405,0.0036065069179822,0,NA,NA,NA,NA,NA,NA,13,"Catalan","target",5,"corrective","female",19,"Catalan, Spanish"
"341","C13_T_05_R",3415,0.00361976161662077,0,NA,NA,NA,NA,NA,NA,13,"Catalan","target",5,"corrective","female",19,"Catalan, Spanish"
"342","C13_T_05_R",3425,0.00360377203749608,0,NA,NA,NA,NA,NA,NA,13,"Catalan","target",5,"corrective","female",19,"Catalan, Spanish"
"343","C13_T_05_R",3435,0.00356105647680168,0,NA,NA,NA,NA,NA,NA,13,"Catalan","target",5,"corrective","female",19,"Catalan, Spanish"
"344","C13_T_05_R",3445,0.00349742756542637,0,NA,NA,NA,NA,NA,NA,13,"Catalan","target",5,"corrective","female",19,"Catalan, Spanish"
"345","C13_T_05_R",3455,0.00342215177945933,0,NA,NA,NA,NA,NA,NA,13,"Catalan","target",5,"corrective","female",19,"Catalan, Spanish"
"346","C13_T_05_R",3465,0.00334410012002232,0,NA,NA,NA,NA,NA,NA,13,"Catalan","target",5,"corrective","female",19,"Catalan, Spanish"
"347","C13_T_05_R",3475,0.00327378319912348,0,NA,NA,NA,NA,NA,NA,13,"Catalan","target",5,"corrective","female",19,"Catalan, Spanish"
"348","C13_T_05_R",3485,0.00322268423248055,0,NA,NA,NA,NA,NA,NA,13,"Catalan","target",5,"corrective","female",19,"Catalan, Spanish"
"349","C13_T_05_R",3495,0.00319959754409751,0,NA,NA,NA,NA,NA,NA,13,"Catalan","target",5,"corrective","female",19,"Catalan, Spanish"
"350","C13_T_05_R",3505,0.00321030005874108,0,NA,NA,NA,NA,NA,NA,13,"Catalan","target",5,"corrective","female",19,"Catalan, Spanish"
"351","C13_T_05_R",3515,0.00325690186414099,0,NA,NA,NA,NA,NA,NA,13,"Catalan","target",5,"corrective","female",19,"Catalan, Spanish"
"352","C13_T_05_R",3525,0.00333145646251537,0,NA,NA,NA,NA,NA,NA,13,"Catalan","target",5,"corrective","female",19,"Catalan, Spanish"
"353","C13_T_05_R",3535,0.00341550186321496,0,NA,NA,NA,NA,NA,NA,13,"Catalan","target",5,"corrective","female",19,"Catalan, Spanish"
"354","C13_T_05_R",3545,0.00349713661410617,0,NA,NA,NA,NA,NA,NA,13,"Catalan","target",5,"corrective","female",19,"Catalan, Spanish"
"355","C13_T_05_R",3555,0.00357000235295214,0,NA,NA,NA,NA,NA,NA,13,"Catalan","target",5,"corrective","female",19,"Catalan, Spanish"
"356","C13_T_05_R",3565,0.00362416186640692,0,NA,NA,NA,NA,NA,NA,13,"Catalan","target",5,"corrective","female",19,"Catalan, Spanish"
"357","C13_T_05_R",3575,0.00365432666754249,0,NA,NA,NA,NA,NA,NA,13,"Catalan","target",5,"corrective","female",19,"Catalan, Spanish"
"358","C13_T_05_R",3585,0.00366307821983927,0,NA,NA,NA,NA,NA,NA,13,"Catalan","target",5,"corrective","female",19,"Catalan, Spanish"
"359","C13_T_05_R",3595,0.00365611011803482,0,NA,NA,NA,NA,NA,NA,13,"Catalan","target",5,"corrective","female",19,"Catalan, Spanish"
"360","C13_T_05_R",3605,0.00363840251365168,0,NA,NA,NA,NA,NA,NA,13,"Catalan","target",5,"corrective","female",19,"Catalan, Spanish"
"361","C13_T_05_R",3615,0.00361193725232075,0,NA,NA,NA,NA,NA,NA,13,"Catalan","target",5,"corrective","female",19,"Catalan, Spanish"
"362","C13_T_05_R",3625,0.00357952527580407,0,NA,NA,NA,NA,NA,NA,13,"Catalan","target",5,"corrective","female",19,"Catalan, Spanish"
"363","C13_T_05_R",3635,0.00354472815634735,0,NA,NA,NA,NA,NA,NA,13,"Catalan","target",5,"corrective","female",19,"Catalan, Spanish"
"364","C13_T_05_R",3645,0.00350600114535489,0,NA,NA,NA,NA,NA,NA,13,"Catalan","target",5,"corrective","female",19,"Catalan, Spanish"
"365","C13_T_05_R",3655,0.00345953461521673,0,NA,NA,NA,NA,NA,NA,13,"Catalan","target",5,"corrective","female",19,"Catalan, Spanish"
"366","C13_T_05_R",3665,0.00340678706253325,0,NA,NA,NA,NA,NA,NA,13,"Catalan","target",5,"corrective","female",19,"Catalan, Spanish"
"367","C13_T_05_R",3675,0.00335260169219686,0,NA,NA,NA,NA,NA,NA,13,"Catalan","target",5,"corrective","female",19,"Catalan, Spanish"
"368","C13_T_05_R",3685,0.00330130266838609,0,NA,NA,NA,NA,NA,NA,13,"Catalan","target",5,"corrective","female",19,"Catalan, Spanish"
"369","C13_T_05_R",3695,0.00325713629500774,0,NA,NA,NA,NA,NA,NA,13,"Catalan","target",5,"corrective","female",19,"Catalan, Spanish"
"370","C13_T_05_R",3705,0.00322247146363762,0,NA,NA,NA,NA,NA,NA,13,"Catalan","target",5,"corrective","female",19,"Catalan, Spanish"
"371","C13_T_05_R",3715,0.00319747432355348,0,NA,NA,NA,NA,NA,NA,13,"Catalan","target",5,"corrective","female",19,"Catalan, Spanish"
"372","C13_T_05_R",3725,0.00318368377086783,0,NA,NA,NA,NA,NA,NA,13,"Catalan","target",5,"corrective","female",19,"Catalan, Spanish"
"373","C13_T_05_R",3735,0.0031804898340684,0,NA,NA,NA,NA,NA,NA,13,"Catalan","target",5,"corrective","female",19,"Catalan, Spanish"
"374","C13_T_05_R",3745,0.00159048165612343,0,NA,NA,NA,NA,NA,NA,13,"Catalan","target",5,"corrective","female",19,"Catalan, Spanish"
"375","C13_T_05_R",3755,0,0,NA,NA,NA,NA,NA,NA,13,"Catalan","target",5,"corrective","female",19,"Catalan, Spanish"
"376","C13_T_05_R",3765,0,0,NA,NA,NA,NA,NA,NA,13,"Catalan","target",5,"corrective","female",19,"Catalan, Spanish"
"377","C13_T_05_R",3775,0,0,NA,NA,NA,NA,NA,NA,13,"Catalan","target",5,"corrective","female",19,"Catalan, Spanish"
"378","C13_T_05_R",3785,0,0,NA,NA,NA,NA,NA,NA,13,"Catalan","target",5,"corrective","female",19,"Catalan, Spanish"
"379","C13_T_05_R",3795,0,0,NA,NA,NA,NA,NA,NA,13,"Catalan","target",5,"corrective","female",19,"Catalan, Spanish"
"380","C13_T_05_R",3805,0,0,NA,NA,NA,NA,NA,NA,13,"Catalan","target",5,"corrective","female",19,"Catalan, Spanish"
"381","C13_T_05_R",3815,0,0,NA,NA,NA,NA,NA,NA,13,"Catalan","target",5,"corrective","female",19,"Catalan, Spanish"
"382","C13_T_05_R",3825,0,0,NA,NA,NA,NA,NA,NA,13,"Catalan","target",5,"corrective","female",19,"Catalan, Spanish"
"383","C13_T_05_R",3835,0,0,NA,NA,NA,NA,NA,NA,13,"Catalan","target",5,"corrective","female",19,"Catalan, Spanish"
