"","File","time_ms","env","F0","TP","Word","Gestural_Prom","Prosodic_Prom","Syll_num","Syll","Participant","Language","Item_type","Item_num","Focus","Gender","Age","Native_language"
"1","G13_T_17_I",15,0,0,NA,NA,NA,NA,NA,NA,13,"German","target",17,"information","male",26,"German"
"2","G13_T_17_I",25,0,0,NA,NA,NA,NA,NA,NA,13,"German","target",17,"information","male",26,"German"
"3","G13_T_17_I",35,0,0,NA,NA,NA,NA,NA,NA,13,"German","target",17,"information","male",26,"German"
"4","G13_T_17_I",45,0,0,NA,NA,NA,NA,NA,NA,13,"German","target",17,"information","male",26,"German"
"5","G13_T_17_I",55,0,0,NA,NA,NA,NA,NA,NA,13,"German","target",17,"information","male",26,"German"
"6","G13_T_17_I",65,0,0,NA,NA,NA,NA,NA,NA,13,"German","target",17,"information","male",26,"German"
"7","G13_T_17_I",75,0,0,NA,NA,NA,NA,NA,NA,13,"German","target",17,"information","male",26,"German"
"8","G13_T_17_I",85,0,0,NA,NA,NA,NA,NA,NA,13,"German","target",17,"information","male",26,"German"
"9","G13_T_17_I",95,4.59925966563656e-05,0,NA,NA,NA,NA,NA,NA,13,"German","target",17,"information","male",26,"German"
"10","G13_T_17_I",105,9.18120282170603e-05,0,NA,NA,NA,NA,NA,NA,13,"German","target",17,"information","male",26,"German"
"11","G13_T_17_I",115,9.1608626749872e-05,0,NA,NA,NA,NA,NA,NA,13,"German","target",17,"information","male",26,"German"
"12","G13_T_17_I",125,9.16758279560523e-05,0,NA,NA,NA,NA,NA,NA,13,"German","target",17,"information","male",26,"German"
"13","G13_T_17_I",135,9.19730022357258e-05,0,NA,NA,NA,NA,NA,NA,13,"German","target",17,"information","male",26,"German"
"14","G13_T_17_I",145,9.24420309878606e-05,0,NA,NA,NA,NA,NA,NA,13,"German","target",17,"information","male",26,"German"
"15","G13_T_17_I",155,9.29882140156089e-05,0,NA,NA,NA,NA,NA,NA,13,"German","target",17,"information","male",26,"German"
"16","G13_T_17_I",165,9.3496416790011e-05,0,NA,NA,NA,NA,NA,NA,13,"German","target",17,"information","male",26,"German"
"17","G13_T_17_I",175,9.38877351669636e-05,0,NA,NA,NA,NA,NA,NA,13,"German","target",17,"information","male",26,"German"
"18","G13_T_17_I",185,9.41436079057815e-05,0,NA,NA,NA,NA,NA,NA,13,"German","target",17,"information","male",26,"German"
"19","G13_T_17_I",195,9.42701239997493e-05,0,NA,NA,NA,NA,NA,NA,13,"German","target",17,"information","male",26,"German"
"20","G13_T_17_I",205,9.42962283445329e-05,0,NA,NA,NA,NA,NA,NA,13,"German","target",17,"information","male",26,"German"
"21","G13_T_17_I",215,9.42603681462065e-05,0,NA,NA,NA,NA,NA,NA,13,"German","target",17,"information","male",26,"German"
"22","G13_T_17_I",225,9.41769866868351e-05,0,NA,NA,NA,NA,NA,NA,13,"German","target",17,"information","male",26,"German"
"23","G13_T_17_I",235,9.4063590282689e-05,0,NA,NA,NA,NA,NA,NA,13,"German","target",17,"information","male",26,"German"
"24","G13_T_17_I",245,9.3934911133294e-05,0,NA,NA,NA,NA,NA,NA,13,"German","target",17,"information","male",26,"German"
"25","G13_T_17_I",255,9.37998968424284e-05,0,NA,NA,NA,NA,NA,NA,13,"German","target",17,"information","male",26,"German"
"26","G13_T_17_I",265,9.36613843324911e-05,0,NA,NA,NA,NA,NA,NA,13,"German","target",17,"information","male",26,"German"
"27","G13_T_17_I",275,9.35058435563421e-05,0,NA,NA,NA,NA,NA,NA,13,"German","target",17,"information","male",26,"German"
"28","G13_T_17_I",285,9.33317830216601e-05,0,NA,NA,NA,NA,NA,NA,13,"German","target",17,"information","male",26,"German"
"29","G13_T_17_I",295,9.31651549194554e-05,0,NA,NA,NA,NA,NA,NA,13,"German","target",17,"information","male",26,"German"
"30","G13_T_17_I",305,9.30286773554392e-05,0,NA,NA,NA,NA,NA,NA,13,"German","target",17,"information","male",26,"German"
"31","G13_T_17_I",315,9.29183595005461e-05,0,NA,NA,NA,NA,NA,NA,13,"German","target",17,"information","male",26,"German"
"32","G13_T_17_I",325,9.28053298014664e-05,0,NA,NA,NA,NA,NA,NA,13,"German","target",17,"information","male",26,"German"
"33","G13_T_17_I",335,9.26641305927839e-05,0,NA,NA,NA,NA,NA,NA,13,"German","target",17,"information","male",26,"German"
"34","G13_T_17_I",345,9.24799390023304e-05,0,NA,NA,NA,NA,NA,NA,13,"German","target",17,"information","male",26,"German"
"35","G13_T_17_I",355,9.22671477273613e-05,0,NA,NA,NA,NA,NA,NA,13,"German","target",17,"information","male",26,"German"
"36","G13_T_17_I",365,9.20738993046194e-05,0,NA,NA,NA,NA,NA,NA,13,"German","target",17,"information","male",26,"German"
"37","G13_T_17_I",375,9.19369638031295e-05,0,NA,NA,NA,NA,NA,NA,13,"German","target",17,"information","male",26,"German"
"38","G13_T_17_I",385,9.18605902101286e-05,0,NA,NA,NA,NA,NA,NA,13,"German","target",17,"information","male",26,"German"
"39","G13_T_17_I",395,9.18277107445131e-05,0,NA,NA,NA,NA,NA,NA,13,"German","target",17,"information","male",26,"German"
"40","G13_T_17_I",405,9.18089870886099e-05,0,NA,NA,NA,NA,NA,NA,13,"German","target",17,"information","male",26,"German"
"41","G13_T_17_I",415,9.17988217108756e-05,0,NA,NA,NA,NA,NA,NA,13,"German","target",17,"information","male",26,"German"
"42","G13_T_17_I",425,9.1812150790122e-05,0,NA,NA,NA,NA,NA,NA,13,"German","target",17,"information","male",26,"German"
"43","G13_T_17_I",435,9.18334606395666e-05,0,NA,NA,NA,NA,NA,NA,13,"German","target",17,"information","male",26,"German"
"44","G13_T_17_I",445,9.18312827045142e-05,0,NA,NA,NA,NA,NA,NA,13,"German","target",17,"information","male",26,"German"
"45","G13_T_17_I",455,9.17886816759665e-05,0,NA,NA,NA,NA,NA,NA,13,"German","target",17,"information","male",26,"German"
"46","G13_T_17_I",465,9.17210956810209e-05,0,NA,NA,NA,NA,NA,NA,13,"German","target",17,"information","male",26,"German"
"47","G13_T_17_I",475,9.16514683803006e-05,0,NA,NA,NA,NA,NA,NA,13,"German","target",17,"information","male",26,"German"
"48","G13_T_17_I",485,9.15911202638184e-05,0,NA,NA,NA,NA,NA,NA,13,"German","target",17,"information","male",26,"German"
"49","G13_T_17_I",495,9.152809549676e-05,0,NA,NA,NA,NA,NA,NA,13,"German","target",17,"information","male",26,"German"
"50","G13_T_17_I",505,9.14285149281787e-05,0,NA,NA,NA,NA,NA,NA,13,"German","target",17,"information","male",26,"German"
"51","G13_T_17_I",515,9.12890841183445e-05,0,NA,NA,NA,NA,NA,NA,13,"German","target",17,"information","male",26,"German"
"52","G13_T_17_I",525,9.11489641859696e-05,0,NA,NA,NA,NA,NA,NA,13,"German","target",17,"information","male",26,"German"
"53","G13_T_17_I",535,9.10465924276715e-05,0,NA,NA,NA,NA,NA,NA,13,"German","target",17,"information","male",26,"German"
"54","G13_T_17_I",545,9.09934926546578e-05,0,NA,NA,NA,NA,NA,NA,13,"German","target",17,"information","male",26,"German"
"55","G13_T_17_I",555,9.09745029028547e-05,0,NA,NA,NA,NA,NA,NA,13,"German","target",17,"information","male",26,"German"
"56","G13_T_17_I",565,9.09567573649781e-05,0,NA,NA,NA,NA,NA,NA,13,"German","target",17,"information","male",26,"German"
"57","G13_T_17_I",575,9.09107133299918e-05,0,NA,NA,NA,NA,NA,NA,13,"German","target",17,"information","male",26,"German"
"58","G13_T_17_I",585,9.08237984217989e-05,0,NA,NA,NA,NA,NA,NA,13,"German","target",17,"information","male",26,"German"
"59","G13_T_17_I",595,9.06859383851701e-05,0,NA,NA,NA,NA,NA,NA,13,"German","target",17,"information","male",26,"German"
"60","G13_T_17_I",605,9.04940843775968e-05,0,NA,NA,NA,NA,NA,NA,13,"German","target",17,"information","male",26,"German"
"61","G13_T_17_I",615,9.02380710115557e-05,0,NA,NA,NA,NA,NA,NA,13,"German","target",17,"information","male",26,"German"
"62","G13_T_17_I",625,8.9897402144525e-05,0,NA,NA,NA,NA,NA,NA,13,"German","target",17,"information","male",26,"German"
"63","G13_T_17_I",635,8.94999171652227e-05,0,NA,NA,NA,NA,NA,NA,13,"German","target",17,"information","male",26,"German"
"64","G13_T_17_I",645,8.91293131929124e-05,0,NA,NA,NA,NA,NA,NA,13,"German","target",17,"information","male",26,"German"
"65","G13_T_17_I",655,8.88560504996189e-05,0,NA,NA,NA,NA,NA,NA,13,"German","target",17,"information","male",26,"German"
"66","G13_T_17_I",665,8.8681584423297e-05,0,NA,NA,NA,NA,NA,NA,13,"German","target",17,"information","male",26,"German"
"67","G13_T_17_I",675,8.85939278047041e-05,0,NA,NA,NA,NA,NA,NA,13,"German","target",17,"information","male",26,"German"
"68","G13_T_17_I",685,8.86013115286864e-05,0,NA,NA,NA,NA,NA,NA,13,"German","target",17,"information","male",26,"German"
"69","G13_T_17_I",695,8.8713751564264e-05,0,NA,NA,NA,NA,NA,NA,13,"German","target",17,"information","male",26,"German"
"70","G13_T_17_I",705,8.89352349152931e-05,0,NA,NA,NA,NA,NA,NA,13,"German","target",17,"information","male",26,"German"
"71","G13_T_17_I",715,8.92557682413298e-05,0,NA,NA,NA,NA,NA,NA,13,"German","target",17,"information","male",26,"German"
"72","G13_T_17_I",725,8.96397665455417e-05,0,NA,NA,NA,NA,NA,NA,13,"German","target",17,"information","male",26,"German"
"73","G13_T_17_I",735,9.00390836441833e-05,0,NA,NA,NA,NA,NA,NA,13,"German","target",17,"information","male",26,"German"
"74","G13_T_17_I",745,9.04335470803643e-05,0,NA,NA,NA,NA,NA,NA,13,"German","target",17,"information","male",26,"German"
"75","G13_T_17_I",755,9.08115479948702e-05,0,NA,NA,NA,NA,NA,NA,13,"German","target",17,"information","male",26,"German"
"76","G13_T_17_I",765,9.1147007618699e-05,0,NA,NA,NA,NA,NA,NA,13,"German","target",17,"information","male",26,"German"
"77","G13_T_17_I",775,9.14237102894462e-05,0,NA,NA,NA,NA,NA,NA,13,"German","target",17,"information","male",26,"German"
"78","G13_T_17_I",785,9.16355754422387e-05,0,NA,NA,NA,NA,NA,NA,13,"German","target",17,"information","male",26,"German"
"79","G13_T_17_I",795,9.17774543883232e-05,0,NA,NA,NA,NA,NA,NA,13,"German","target",17,"information","male",26,"German"
"80","G13_T_17_I",805,9.18406888554507e-05,0,NA,NA,NA,NA,NA,NA,13,"German","target",17,"information","male",26,"German"
"81","G13_T_17_I",815,9.18162880524512e-05,0,NA,NA,NA,NA,NA,NA,13,"German","target",17,"information","male",26,"German"
"82","G13_T_17_I",825,9.1726110439591e-05,0,NA,NA,NA,NA,NA,NA,13,"German","target",17,"information","male",26,"German"
"83","G13_T_17_I",835,9.16016787289005e-05,0,NA,NA,NA,NA,NA,NA,13,"German","target",17,"information","male",26,"German"
"84","G13_T_17_I",845,9.14392956491553e-05,0,NA,NA,NA,NA,NA,NA,13,"German","target",17,"information","male",26,"German"
"85","G13_T_17_I",855,9.12494930122897e-05,0,NA,NA,NA,NA,NA,NA,13,"German","target",17,"information","male",26,"German"
"86","G13_T_17_I",865,9.10749908016039e-05,0,NA,NA,NA,NA,NA,NA,13,"German","target",17,"information","male",26,"German"
"87","G13_T_17_I",875,9.09379331424066e-05,0,NA,NA,NA,NA,NA,NA,13,"German","target",17,"information","male",26,"German"
"88","G13_T_17_I",885,9.08482805416855e-05,0,NA,NA,NA,NA,NA,NA,13,"German","target",17,"information","male",26,"German"
"89","G13_T_17_I",895,9.08265066479308e-05,0,NA,NA,NA,NA,NA,NA,13,"German","target",17,"information","male",26,"German"
"90","G13_T_17_I",905,9.08945010680174e-05,0,NA,NA,NA,NA,NA,NA,13,"German","target",17,"information","male",26,"German"
"91","G13_T_17_I",915,9.10629994839474e-05,0,NA,NA,NA,NA,NA,NA,13,"German","target",17,"information","male",26,"German"
"92","G13_T_17_I",925,9.13326310410191e-05,0,NA,NA,NA,NA,NA,NA,13,"German","target",17,"information","male",26,"German"
"93","G13_T_17_I",935,9.16797709815691e-05,0,NA,NA,NA,NA,NA,NA,13,"German","target",17,"information","male",26,"German"
"94","G13_T_17_I",945,9.20639740699596e-05,0,NA,NA,NA,NA,NA,NA,13,"German","target",17,"information","male",26,"German"
"95","G13_T_17_I",955,9.24568640198178e-05,0,NA,NA,NA,NA,NA,NA,13,"German","target",17,"information","male",26,"German"
"96","G13_T_17_I",965,9.28451421666282e-05,0,NA,NA,NA,NA,NA,NA,13,"German","target",17,"information","male",26,"German"
"97","G13_T_17_I",975,9.32118050507292e-05,0,NA,NA,NA,NA,NA,NA,13,"German","target",17,"information","male",26,"German"
"98","G13_T_17_I",985,9.35303197488649e-05,0,NA,NA,NA,NA,NA,NA,13,"German","target",17,"information","male",26,"German"
"99","G13_T_17_I",995,9.37911582460753e-05,0,NA,NA,NA,NA,NA,NA,13,"German","target",17,"information","male",26,"German"
"100","G13_T_17_I",1005,9.39996753181808e-05,0,NA,NA,NA,NA,NA,NA,13,"German","target",17,"information","male",26,"German"
"101","G13_T_17_I",1015,9.41681020532947e-05,0,NA,NA,NA,NA,NA,NA,13,"German","target",17,"information","male",26,"German"
"102","G13_T_17_I",1025,9.43108109870257e-05,0,NA,NA,NA,NA,NA,NA,13,"German","target",17,"information","male",26,"German"
"103","G13_T_17_I",1035,9.44491704085139e-05,0,NA,NA,NA,NA,NA,NA,13,"German","target",17,"information","male",26,"German"
"104","G13_T_17_I",1045,9.46222360981318e-05,0,NA,NA,NA,NA,NA,NA,13,"German","target",17,"information","male",26,"German"
"105","G13_T_17_I",1055,9.48332763431029e-05,0,NA,NA,NA,NA,NA,NA,13,"German","target",17,"information","male",26,"German"
"106","G13_T_17_I",1065,9.50507330209413e-05,0,NA,NA,NA,NA,NA,NA,13,"German","target",17,"information","male",26,"German"
"107","G13_T_17_I",1075,9.52593573523111e-05,0,NA,NA,NA,NA,NA,NA,13,"German","target",17,"information","male",26,"German"
"108","G13_T_17_I",1085,9.55511250134364e-05,0,NA,NA,NA,NA,NA,NA,13,"German","target",17,"information","male",26,"German"
"109","G13_T_17_I",1095,9.65559423060826e-05,0,NA,NA,NA,NA,NA,NA,13,"German","target",17,"information","male",26,"German"
"110","G13_T_17_I",1105,0.000100428066772367,0,NA,NA,NA,NA,NA,NA,13,"German","target",17,"information","male",26,"German"
"111","G13_T_17_I",1115,0.000128798943008313,0,NA,NA,NA,NA,NA,NA,13,"German","target",17,"information","male",26,"German"
"112","G13_T_17_I",1125,0.000263819640344295,0,NA,NA,NA,NA,NA,NA,13,"German","target",17,"information","male",26,"German"
"113","G13_T_17_I",1135,0.000629280996029126,0,NA,NA,NA,NA,NA,NA,13,"German","target",17,"information","male",26,"German"
"114","G13_T_17_I",1145,0.00136942751548897,0,NA,NA,NA,NA,NA,NA,13,"German","target",17,"information","male",26,"German"
"115","G13_T_17_I",1155,0.00264800127597536,0,NA,NA,NA,NA,NA,NA,13,"German","target",17,"information","male",26,"German"
"116","G13_T_17_I",1165,0.00462103797165926,0,NA,NA,NA,NA,NA,NA,13,"German","target",17,"information","male",26,"German"
"117","G13_T_17_I",1175,0.00744831268934946,0,NA,NA,NA,NA,NA,NA,13,"German","target",17,"information","male",26,"German"
"118","G13_T_17_I",1185,0.0112977735443927,0,NA,NA,NA,NA,NA,NA,13,"German","target",17,"information","male",26,"German"
"119","G13_T_17_I",1195,0.0162749508342668,0,NA,NA,NA,NA,NA,NA,13,"German","target",17,"information","male",26,"German"
"120","G13_T_17_I",1205,0.0223372072067599,0,NA,NA,NA,NA,NA,NA,13,"German","target",17,"information","male",26,"German"
"121","G13_T_17_I",1215,0.0292728738402483,156.724426269531,NA,NA,NA,NA,NA,NA,13,"German","target",17,"information","male",26,"German"
"122","G13_T_17_I",1225,0.0367060964602453,144.433303833008,NA,NA,NA,NA,NA,NA,13,"German","target",17,"information","male",26,"German"
"123","G13_T_17_I",1235,0.0441332680237847,134.237686157227,NA,NA,NA,NA,NA,NA,13,"German","target",17,"information","male",26,"German"
"124","G13_T_17_I",1245,0.0510086382390934,132.317306518555,NA,NA,NA,NA,NA,NA,13,"German","target",17,"information","male",26,"German"
"125","G13_T_17_I",1255,0.0568256784733623,131.470718383789,NA,NA,NA,NA,NA,NA,13,"German","target",17,"information","male",26,"German"
"126","G13_T_17_I",1265,0.0611891598993528,129.478820800781,NA,NA,NA,NA,NA,NA,13,"German","target",17,"information","male",26,"German"
"127","G13_T_17_I",1275,0.0638902829582733,129.862075805664,NA,NA,NA,NA,NA,NA,13,"German","target",17,"information","male",26,"German"
"128","G13_T_17_I",1285,0.0649575878905671,128.944839477539,NA,NA,NA,NA,NA,NA,13,"German","target",17,"information","male",26,"German"
"129","G13_T_17_I",1295,0.064638737631327,130.384521484375,NA,NA,NA,NA,NA,NA,13,"German","target",17,"information","male",26,"German"
"130","G13_T_17_I",1305,0.0633072219889379,129.509506225586,NA,NA,NA,NA,NA,NA,13,"German","target",17,"information","male",26,"German"
"131","G13_T_17_I",1315,0.0613580519157012,129.026428222656,NA,NA,NA,NA,NA,NA,13,"German","target",17,"information","male",26,"German"
"132","G13_T_17_I",1325,0.0591261793722299,126.961738586426,NA,NA,NA,NA,NA,NA,13,"German","target",17,"information","male",26,"German"
"133","G13_T_17_I",1335,0.0568909179448336,128.472549438477,NA,NA,NA,NA,NA,NA,13,"German","target",17,"information","male",26,"German"
"134","G13_T_17_I",1345,0.0548969863118024,128.741333007812,NA,NA,NA,NA,NA,NA,13,"German","target",17,"information","male",26,"German"
"135","G13_T_17_I",1355,0.0533281074168509,137.634414672852,NA,NA,NA,NA,NA,NA,13,"German","target",17,"information","male",26,"German"
"136","G13_T_17_I",1365,0.0523006464309047,148.698883056641,NA,NA,NA,NA,NA,NA,13,"German","target",17,"information","male",26,"German"
"137","G13_T_17_I",1375,0.0518228867020245,152.373672485352,NA,NA,NA,NA,NA,NA,13,"German","target",17,"information","male",26,"German"
"138","G13_T_17_I",1385,0.0517757018158821,151.459381103516,NA,NA,NA,NA,NA,NA,13,"German","target",17,"information","male",26,"German"
"139","G13_T_17_I",1395,0.0520004348872347,152.050338745117,NA,NA,NA,NA,NA,NA,13,"German","target",17,"information","male",26,"German"
"140","G13_T_17_I",1405,0.0523915545530336,158.412399291992,NA,NA,NA,NA,NA,NA,13,"German","target",17,"information","male",26,"German"
"141","G13_T_17_I",1415,0.0529088842005338,0,NA,NA,NA,NA,NA,NA,13,"German","target",17,"information","male",26,"German"
"142","G13_T_17_I",1425,0.0536180167846511,0,NA,NA,NA,NA,NA,NA,13,"German","target",17,"information","male",26,"German"
"143","G13_T_17_I",1435,0.0547287799607205,0,NA,NA,NA,NA,NA,NA,13,"German","target",17,"information","male",26,"German"
"144","G13_T_17_I",1445,0.0564792494319701,0,NA,NA,NA,NA,NA,NA,13,"German","target",17,"information","male",26,"German"
"145","G13_T_17_I",1455,0.0589845626643539,162.887405395508,NA,NA,NA,NA,NA,NA,13,"German","target",17,"information","male",26,"German"
"146","G13_T_17_I",1465,0.0621799825932551,159.557312011719,NA,NA,NA,NA,NA,NA,13,"German","target",17,"information","male",26,"German"
"147","G13_T_17_I",1475,0.065826540736302,158.329071044922,NA,NA,NA,NA,NA,NA,13,"German","target",17,"information","male",26,"German"
"148","G13_T_17_I",1485,0.0695250124311564,159.662445068359,NA,NA,NA,NA,NA,NA,13,"German","target",17,"information","male",26,"German"
"149","G13_T_17_I",1495,0.0727988636723403,163.104095458984,NA,NA,NA,NA,NA,NA,13,"German","target",17,"information","male",26,"German"
"150","G13_T_17_I",1505,0.0752134802440526,161.222747802734,NA,NA,NA,NA,NA,NA,13,"German","target",17,"information","male",26,"German"
"151","G13_T_17_I",1515,0.076451132261898,155.64680480957,NA,NA,NA,NA,NA,NA,13,"German","target",17,"information","male",26,"German"
"152","G13_T_17_I",1525,0.0763508053262432,153.349151611328,NA,NA,NA,NA,NA,NA,13,"German","target",17,"information","male",26,"German"
"153","G13_T_17_I",1535,0.0748964845358961,149.847152709961,NA,NA,NA,NA,NA,NA,13,"German","target",17,"information","male",26,"German"
"154","G13_T_17_I",1545,0.0722132791939636,146.513259887695,NA,NA,NA,NA,NA,NA,13,"German","target",17,"information","male",26,"German"
"155","G13_T_17_I",1555,0.0685481154102715,144.475006103516,NA,NA,NA,NA,NA,NA,13,"German","target",17,"information","male",26,"German"
"156","G13_T_17_I",1565,0.0642185007312525,144.105377197266,NA,NA,NA,NA,NA,NA,13,"German","target",17,"information","male",26,"German"
"157","G13_T_17_I",1575,0.0595981455717609,0,NA,NA,NA,NA,NA,NA,13,"German","target",17,"information","male",26,"German"
"158","G13_T_17_I",1585,0.0550952422592902,0,NA,NA,NA,NA,NA,NA,13,"German","target",17,"information","male",26,"German"
"159","G13_T_17_I",1595,0.0510920669105677,0,NA,NA,NA,NA,NA,NA,13,"German","target",17,"information","male",26,"German"
"160","G13_T_17_I",1605,0.0479092857768852,0,NA,NA,NA,NA,NA,NA,13,"German","target",17,"information","male",26,"German"
"161","G13_T_17_I",1615,0.0457453761910473,0,NA,NA,NA,NA,NA,NA,13,"German","target",17,"information","male",26,"German"
"162","G13_T_17_I",1625,0.0446032731895988,0,NA,NA,NA,NA,NA,NA,13,"German","target",17,"information","male",26,"German"
"163","G13_T_17_I",1635,0.0442818020716455,146.894836425781,NA,NA,NA,NA,NA,NA,13,"German","target",17,"information","male",26,"German"
"164","G13_T_17_I",1645,0.0444703096217005,148.158157348633,NA,NA,NA,NA,NA,NA,13,"German","target",17,"information","male",26,"German"
"165","G13_T_17_I",1655,0.0448800359243917,146.503692626953,NA,NA,NA,NA,NA,NA,13,"German","target",17,"information","male",26,"German"
"166","G13_T_17_I",1665,0.0452917165545798,144.951248168945,NA,NA,NA,NA,NA,NA,13,"German","target",17,"information","male",26,"German"
"167","G13_T_17_I",1675,0.0455283073260588,145.737457275391,NA,NA,NA,NA,NA,NA,13,"German","target",17,"information","male",26,"German"
"168","G13_T_17_I",1685,0.045439193231911,149.596267700195,NA,NA,NA,NA,NA,NA,13,"German","target",17,"information","male",26,"German"
"169","G13_T_17_I",1695,0.0448866242663903,151.262893676758,NA,NA,NA,NA,NA,NA,13,"German","target",17,"information","male",26,"German"
"170","G13_T_17_I",1705,0.0437679803643033,147.437545776367,NA,NA,NA,NA,NA,NA,13,"German","target",17,"information","male",26,"German"
"171","G13_T_17_I",1715,0.0420683485309851,149.510147094727,NA,NA,NA,NA,NA,NA,13,"German","target",17,"information","male",26,"German"
"172","G13_T_17_I",1725,0.0398892765336417,149.013732910156,NA,NA,NA,NA,NA,NA,13,"German","target",17,"information","male",26,"German"
"173","G13_T_17_I",1735,0.0374398187170357,147.156982421875,NA,NA,NA,NA,NA,NA,13,"German","target",17,"information","male",26,"German"
"174","G13_T_17_I",1745,0.0349259919210269,144.794815063477,NA,NA,NA,NA,NA,NA,13,"German","target",17,"information","male",26,"German"
"175","G13_T_17_I",1755,0.0325096547731799,141.439300537109,NA,NA,NA,NA,NA,NA,13,"German","target",17,"information","male",26,"German"
"176","G13_T_17_I",1765,0.0303204734135736,0,NA,NA,NA,NA,NA,NA,13,"German","target",17,"information","male",26,"German"
"177","G13_T_17_I",1775,0.0284497438859828,0,NA,NA,NA,NA,NA,NA,13,"German","target",17,"information","male",26,"German"
"178","G13_T_17_I",1785,0.0269538193273318,0,NA,NA,NA,NA,NA,NA,13,"German","target",17,"information","male",26,"German"
"179","G13_T_17_I",1795,0.0258352851288052,0,NA,NA,NA,NA,NA,NA,13,"German","target",17,"information","male",26,"German"
"180","G13_T_17_I",1805,0.0250345582919313,0,NA,NA,NA,NA,NA,NA,13,"German","target",17,"information","male",26,"German"
"181","G13_T_17_I",1815,0.0244831841765488,0,NA,NA,NA,NA,NA,NA,13,"German","target",17,"information","male",26,"German"
"182","G13_T_17_I",1825,0.0241597083297935,0,NA,NA,NA,NA,NA,NA,13,"German","target",17,"information","male",26,"German"
"183","G13_T_17_I",1835,0.0240705109167606,0,NA,NA,NA,NA,NA,NA,13,"German","target",17,"information","male",26,"German"
"184","G13_T_17_I",1845,0.0242217959541502,0,NA,NA,NA,NA,NA,NA,13,"German","target",17,"information","male",26,"German"
"185","G13_T_17_I",1855,0.0246003911703836,0,NA,NA,NA,NA,NA,NA,13,"German","target",17,"information","male",26,"German"
"186","G13_T_17_I",1865,0.0251567964539754,0,NA,NA,NA,NA,NA,NA,13,"German","target",17,"information","male",26,"German"
"187","G13_T_17_I",1875,0.0258223258082576,0,NA,NA,NA,NA,NA,NA,13,"German","target",17,"information","male",26,"German"
"188","G13_T_17_I",1885,0.0265469405407301,0,NA,NA,NA,NA,NA,NA,13,"German","target",17,"information","male",26,"German"
"189","G13_T_17_I",1895,0.0273151555514112,137.594924926758,NA,NA,NA,NA,NA,NA,13,"German","target",17,"information","male",26,"German"
"190","G13_T_17_I",1905,0.0281388351837017,140.514358520508,NA,NA,NA,NA,NA,NA,13,"German","target",17,"information","male",26,"German"
"191","G13_T_17_I",1915,0.0290360275073192,137.541702270508,NA,NA,NA,NA,NA,NA,13,"German","target",17,"information","male",26,"German"
"192","G13_T_17_I",1925,0.0299868448103426,144.197372436523,NA,NA,NA,NA,NA,NA,13,"German","target",17,"information","male",26,"German"
"193","G13_T_17_I",1935,0.0308985117270611,136.019561767578,NA,NA,NA,NA,NA,NA,13,"German","target",17,"information","male",26,"German"
"194","G13_T_17_I",1945,0.0316618996433723,135.580780029297,NA,NA,NA,NA,NA,NA,13,"German","target",17,"information","male",26,"German"
"195","G13_T_17_I",1955,0.0322128695563846,138.714279174805,NA,NA,NA,NA,NA,NA,13,"German","target",17,"information","male",26,"German"
"196","G13_T_17_I",1965,0.0325292000792682,138.499923706055,NA,NA,NA,NA,NA,NA,13,"German","target",17,"information","male",26,"German"
"197","G13_T_17_I",1975,0.0325889168057599,141.592926025391,NA,NA,NA,NA,NA,NA,13,"German","target",17,"information","male",26,"German"
"198","G13_T_17_I",1985,0.0323515648819628,137.05549621582,NA,NA,NA,NA,NA,NA,13,"German","target",17,"information","male",26,"German"
"199","G13_T_17_I",1995,0.0317904279997552,138.848709106445,NA,NA,NA,NA,NA,NA,13,"German","target",17,"information","male",26,"German"
"200","G13_T_17_I",2005,0.0309048262576357,141.868591308594,NA,NA,NA,NA,NA,NA,13,"German","target",17,"information","male",26,"German"
"201","G13_T_17_I",2015,0.0297286199499723,140.114730834961,NA,NA,NA,NA,NA,NA,13,"German","target",17,"information","male",26,"German"
"202","G13_T_17_I",2025,0.0283138273095999,132.930892944336,NA,NA,NA,NA,NA,NA,13,"German","target",17,"information","male",26,"German"
"203","G13_T_17_I",2035,0.0267136037243203,133.865051269531,NA,NA,NA,NA,NA,NA,13,"German","target",17,"information","male",26,"German"
"204","G13_T_17_I",2045,0.0249982660468632,139.921295166016,NA,NA,NA,NA,NA,NA,13,"German","target",17,"information","male",26,"German"
"205","G13_T_17_I",2055,0.0232565410379198,141.072738647461,NA,NA,NA,NA,NA,NA,13,"German","target",17,"information","male",26,"German"
"206","G13_T_17_I",2065,0.0216166708719841,135.061325073242,NA,NA,NA,NA,NA,NA,13,"German","target",17,"information","male",26,"German"
"207","G13_T_17_I",2075,0.0202532842754918,136.580581665039,NA,NA,NA,NA,NA,NA,13,"German","target",17,"information","male",26,"German"
"208","G13_T_17_I",2085,0.0193353576789742,134.45378112793,NA,NA,NA,NA,NA,NA,13,"German","target",17,"information","male",26,"German"
"209","G13_T_17_I",2095,0.0189982942898866,0,NA,NA,NA,NA,NA,NA,13,"German","target",17,"information","male",26,"German"
"210","G13_T_17_I",2105,0.0193141065088974,0,NA,NA,NA,NA,NA,NA,13,"German","target",17,"information","male",26,"German"
"211","G13_T_17_I",2115,0.0202547067077188,0,NA,NA,NA,NA,NA,NA,13,"German","target",17,"information","male",26,"German"
"212","G13_T_17_I",2125,0.0217070630559126,0,"NP","Adj","2","2","1","pre",13,"German","target",17,"information","male",26,"German"
"213","G13_T_17_I",2135,0.0235152733501162,0,"NP","Adj","2","2","1","pre",13,"German","target",17,"information","male",26,"German"
"214","G13_T_17_I",2145,0.0254837081671947,0,"NP","Adj","2","2","1","pre",13,"German","target",17,"information","male",26,"German"
"215","G13_T_17_I",2155,0.0273706421634127,0,"NP","Adj","2","2","1","pre",13,"German","target",17,"information","male",26,"German"
"216","G13_T_17_I",2165,0.0289391089914025,121.110176086426,"NP","Adj","2","2","1","pre",13,"German","target",17,"information","male",26,"German"
"217","G13_T_17_I",2175,0.030006055101754,118.734008789062,"NP","Adj","2","2","1","pre",13,"German","target",17,"information","male",26,"German"
"218","G13_T_17_I",2185,0.0304607573255082,120.369552612305,"NP","Adj","2","2","1","pre",13,"German","target",17,"information","male",26,"German"
"219","G13_T_17_I",2195,0.0302609520996098,120.432464599609,"NP","Adj","2","2","1","pre",13,"German","target",17,"information","male",26,"German"
"220","G13_T_17_I",2205,0.0294296784394475,120.030632019043,"NP","Adj","2","2","1","pre",13,"German","target",17,"information","male",26,"German"
"221","G13_T_17_I",2215,0.0280857039522244,118.102851867676,"NP","Adj","2","2","1","pre",13,"German","target",17,"information","male",26,"German"
"222","G13_T_17_I",2225,0.0264689506569082,122.192680358887,"NP","Adj","2","2","1","pre",13,"German","target",17,"information","male",26,"German"
"223","G13_T_17_I",2235,0.0249176700212875,119.750946044922,"NP","Adj","2","2","1","pre",13,"German","target",17,"information","male",26,"German"
"224","G13_T_17_I",2245,0.0238039534076704,122.584815979004,"NP","Adj","2","2","1","pre",13,"German","target",17,"information","male",26,"German"
"225","G13_T_17_I",2255,0.0234726328826696,124.102333068848,"NP","Adj","2","2","1","pre",13,"German","target",17,"information","male",26,"German"
"226","G13_T_17_I",2265,0.0241660265253787,0,"NP","Adj","2","2","1","pre",13,"German","target",17,"information","male",26,"German"
"227","G13_T_17_I",2275,0.0259958109090669,0,"NP","Adj","2","2","1","pre",13,"German","target",17,"information","male",26,"German"
"228","G13_T_17_I",2285,0.0289876980821046,0,"NP","Adj","2","2","1","pre",13,"German","target",17,"information","male",26,"German"
"229","G13_T_17_I",2295,0.0330468853940008,0,"NP","Adj","2","2","1","pre",13,"German","target",17,"information","male",26,"German"
"230","G13_T_17_I",2305,0.0379488235720931,0,"NP","Adj","2","2","2","ro:ʒ",13,"German","target",17,"information","male",26,"German"
"231","G13_T_17_I",2315,0.0433566746069069,131.191879272461,"NP","Adj","2","2","2","ro:ʒ",13,"German","target",17,"information","male",26,"German"
"232","G13_T_17_I",2325,0.0488614505685671,128.353652954102,"NP","Adj","2","2","2","ro:ʒ",13,"German","target",17,"information","male",26,"German"
"233","G13_T_17_I",2335,0.05409824325281,128.346542358398,"NP","Adj","2","2","2","ro:ʒ",13,"German","target",17,"information","male",26,"German"
"234","G13_T_17_I",2345,0.0588604063824989,130.47590637207,"NP","Adj","2","2","2","ro:ʒ",13,"German","target",17,"information","male",26,"German"
"235","G13_T_17_I",2355,0.0630183384617146,0,"NP","Adj","2","2","2","ro:ʒ",13,"German","target",17,"information","male",26,"German"
"236","G13_T_17_I",2365,0.0664290191502688,0,"NP","Adj","2","2","2","ro:ʒ",13,"German","target",17,"information","male",26,"German"
"237","G13_T_17_I",2375,0.0689790064994217,0,"NP","Adj","2","2","2","ro:ʒ",13,"German","target",17,"information","male",26,"German"
"238","G13_T_17_I",2385,0.0706026369169128,0,"NP","Adj","2","2","2","ro:ʒ",13,"German","target",17,"information","male",26,"German"
"239","G13_T_17_I",2395,0.0713203434923502,0,"NP","Adj","2","2","2","ro:ʒ",13,"German","target",17,"information","male",26,"German"
"240","G13_T_17_I",2405,0.0712433362836398,0,"NP","Adj","2","2","2","ro:ʒ",13,"German","target",17,"information","male",26,"German"
"241","G13_T_17_I",2415,0.0705079246688091,0,"NP","Adj","2","2","2","ro:ʒ",13,"German","target",17,"information","male",26,"German"
"242","G13_T_17_I",2425,0.0691903376523316,0,"NP","Adj","2","2","2","ro:ʒ",13,"German","target",17,"information","male",26,"German"
"243","G13_T_17_I",2435,0.0673013049894847,0,"NP","Adj","2","2","2","ro:ʒ",13,"German","target",17,"information","male",26,"German"
"244","G13_T_17_I",2445,0.0648635338577059,0,"NP","Adj","2","2","2","ro:ʒ",13,"German","target",17,"information","male",26,"German"
"245","G13_T_17_I",2455,0.0619850136637142,0,"NP","Adj","2","2","2","ro:ʒ",13,"German","target",17,"information","male",26,"German"
"246","G13_T_17_I",2465,0.0588404925751742,0,"NP","Adj","2","2","2","ro:ʒ",13,"German","target",17,"information","male",26,"German"
"247","G13_T_17_I",2475,0.0555681619447976,0,"NP","Adj","2","2","2","ro:ʒ",13,"German","target",17,"information","male",26,"German"
"248","G13_T_17_I",2485,0.052240643451928,0,"NP","Adj","2","2","2","ro:ʒ",13,"German","target",17,"information","male",26,"German"
"249","G13_T_17_I",2495,0.0489404879596458,0,"NP","Adj","2","2","2","ro:ʒ",13,"German","target",17,"information","male",26,"German"
"250","G13_T_17_I",2505,0.045759976206619,0,"NP","Adj","2","2","2","ro:ʒ",13,"German","target",17,"information","male",26,"German"
"251","G13_T_17_I",2515,0.0428262578982107,0,"NP","Adj","2","2","2","ro:ʒ",13,"German","target",17,"information","male",26,"German"
"252","G13_T_17_I",2525,0.0402831745913438,0,"NP","Adj","2","2","2","ro:ʒ",13,"German","target",17,"information","male",26,"German"
"253","G13_T_17_I",2535,0.0381869426960096,0,"NP","Adj","2","2","2","ro:ʒ",13,"German","target",17,"information","male",26,"German"
"254","G13_T_17_I",2545,0.0364500752644304,0,"NP","Adj","2","2","2","ro:ʒ",13,"German","target",17,"information","male",26,"German"
"255","G13_T_17_I",2555,0.0349365931175271,0,"NP","Adj","2","2","2","ro:ʒ",13,"German","target",17,"information","male",26,"German"
"256","G13_T_17_I",2565,0.0335558646467685,0,"NP","Adj","2","2","2","ro:ʒ",13,"German","target",17,"information","male",26,"German"
"257","G13_T_17_I",2575,0.0322512909357452,0,"NP","Adj","2","2","2","ro:ʒ",13,"German","target",17,"information","male",26,"German"
"258","G13_T_17_I",2585,0.0310147194521194,0,"NP","Adj","2","2","2","ro:ʒ",13,"German","target",17,"information","male",26,"German"
"259","G13_T_17_I",2595,0.029867914341001,0,"NP","Adj","2","2","2","ro:ʒ",13,"German","target",17,"information","male",26,"German"
"260","G13_T_17_I",2605,0.0288317001837769,0,"NP","Adj","2","2","2","ro:ʒ",13,"German","target",17,"information","male",26,"German"
"261","G13_T_17_I",2615,0.0279293067350862,0,"NP","Adj","2","2","2","ro:ʒ",13,"German","target",17,"information","male",26,"German"
"262","G13_T_17_I",2625,0.0272133636502298,0,"NP","Adj","2","2","2","ro:ʒ",13,"German","target",17,"information","male",26,"German"
"263","G13_T_17_I",2635,0.02675843979678,0,"NP","Adj","2","2","2","ro:ʒ",13,"German","target",17,"information","male",26,"German"
"264","G13_T_17_I",2645,0.026600461746848,0,"NP","Adj","2","2","2","ro:ʒ",13,"German","target",17,"information","male",26,"German"
"265","G13_T_17_I",2655,0.0266982342342244,0,"NP","Adj","2","2","2","ro:ʒ",13,"German","target",17,"information","male",26,"German"
"266","G13_T_17_I",2665,0.0269959794072505,0,"NP","Adj","2","2","2","ro:ʒ",13,"German","target",17,"information","male",26,"German"
"267","G13_T_17_I",2675,0.0275046827728773,0,"NP","Adj","2","2","2","ro:ʒ",13,"German","target",17,"information","male",26,"German"
"268","G13_T_17_I",2685,0.0282549628635766,148.390823364258,"NP","Adj","2","2","3","post_pre",13,"German","target",17,"information","male",26,"German"
"269","G13_T_17_I",2695,0.0292222184672995,146.896682739258,"NP","Adj","2","2","3","post_pre",13,"German","target",17,"information","male",26,"German"
"270","G13_T_17_I",2705,0.0303437517355079,146.125671386719,"NP","Adj","2","2","3","post_pre",13,"German","target",17,"information","male",26,"German"
"271","G13_T_17_I",2715,0.0315392624312943,141.05696105957,"NP","Adj","2","2","3","post_pre",13,"German","target",17,"information","male",26,"German"
"272","G13_T_17_I",2725,0.0327301218273305,138.359512329102,"NP","Adj","2","2","3","post_pre",13,"German","target",17,"information","male",26,"German"
"273","G13_T_17_I",2735,0.033866172455195,141.795867919922,"NP","Adj","2","2","3","post_pre",13,"German","target",17,"information","male",26,"German"
"274","G13_T_17_I",2745,0.0349245686717152,127.811599731445,"NP","Adj","2","2","3","post_pre",13,"German","target",17,"information","male",26,"German"
"275","G13_T_17_I",2755,0.0359142892670876,128.279907226562,"NP","Adj","2","2","3","post_pre",13,"German","target",17,"information","male",26,"German"
"276","G13_T_17_I",2765,0.0368720601208962,130.589096069336,"NP","Adj","2","2","3","post_pre",13,"German","target",17,"information","male",26,"German"
"277","G13_T_17_I",2775,0.0378252616150127,128.869491577148,"NP","Adj","2","2","3","post_pre",13,"German","target",17,"information","male",26,"German"
"278","G13_T_17_I",2785,0.0387448576932254,128.821426391602,"NP","Adj","2","2","3","post_pre",13,"German","target",17,"information","male",26,"German"
"279","G13_T_17_I",2795,0.0395300314050107,126.780464172363,"NP","Adj","2","2","3","post_pre",13,"German","target",17,"information","male",26,"German"
"280","G13_T_17_I",2805,0.040043126338991,131.466384887695,"NP","Adj","2","2","3","post_pre",13,"German","target",17,"information","male",26,"German"
"281","G13_T_17_I",2815,0.040142535960194,133.682891845703,"NP","Adj","2","2","3","post_pre",13,"German","target",17,"information","male",26,"German"
"282","G13_T_17_I",2825,0.039720238891443,135.457962036133,"NP","Adj","2","2","3","post_pre",13,"German","target",17,"information","male",26,"German"
"283","G13_T_17_I",2835,0.0387328658107835,130.292617797852,"NP","Adj","2","2","3","post_pre",13,"German","target",17,"information","male",26,"German"
"284","G13_T_17_I",2845,0.0372028417587044,130.337493896484,"NP","Adj","2","2","3","post_pre",13,"German","target",17,"information","male",26,"German"
"285","G13_T_17_I",2855,0.0351995373216722,129.282760620117,"NP","Adj","2","2","3","post_pre",13,"German","target",17,"information","male",26,"German"
"286","G13_T_17_I",2865,0.0328105866573714,124.616470336914,"NP","Adj","2","2","3","post_pre",13,"German","target",17,"information","male",26,"German"
"287","G13_T_17_I",2875,0.0301252803007046,125.986991882324,"NP","Adj","2","2","3","post_pre",13,"German","target",17,"information","male",26,"German"
"288","G13_T_17_I",2885,0.0272505199481564,126.424697875977,"NP","Adj","2","2","3","post_pre",13,"German","target",17,"information","male",26,"German"
"289","G13_T_17_I",2895,0.0243483755249658,129.420028686523,"NP","Adj","2","2","3","post_pre",13,"German","target",17,"information","male",26,"German"
"290","G13_T_17_I",2905,0.0217343330268011,121.861663818359,"NP","Adj","2","2","3","post_pre",13,"German","target",17,"information","male",26,"German"
"291","G13_T_17_I",2915,0.0198955876891138,125.092651367188,"NP","N","-1","2","4","bal",13,"German","target",17,"information","male",26,"German"
"292","G13_T_17_I",2925,0.0193318628330636,130.82243347168,"NP","N","-1","2","4","bal",13,"German","target",17,"information","male",26,"German"
"293","G13_T_17_I",2935,0.020405192391074,130.926849365234,"NP","N","-1","2","4","bal",13,"German","target",17,"information","male",26,"German"
"294","G13_T_17_I",2945,0.0232888737277205,124.392784118652,"NP","N","-1","2","4","bal",13,"German","target",17,"information","male",26,"German"
"295","G13_T_17_I",2955,0.0279736471065082,123.443244934082,"NP","N","-1","2","4","bal",13,"German","target",17,"information","male",26,"German"
"296","G13_T_17_I",2965,0.0342867869373864,129.763717651367,"NP","N","-1","2","4","bal",13,"German","target",17,"information","male",26,"German"
"297","G13_T_17_I",2975,0.0419045301124771,119.700744628906,"NP","N","-1","2","4","bal",13,"German","target",17,"information","male",26,"German"
"298","G13_T_17_I",2985,0.0503587142644701,0,"NP","N","-1","2","4","bal",13,"German","target",17,"information","male",26,"German"
"299","G13_T_17_I",2995,0.0591708207023014,0,"NP","N","-1","2","4","bal",13,"German","target",17,"information","male",26,"German"
"300","G13_T_17_I",3005,0.0678859400156818,100.107368469238,"NP","N","-1","2","4","bal",13,"German","target",17,"information","male",26,"German"
"301","G13_T_17_I",3015,0.0760282903702705,98.2260360717773,"NP","N","-1","2","4","bal",13,"German","target",17,"information","male",26,"German"
"302","G13_T_17_I",3025,0.0831330533109139,97.5818405151367,"NP","N","-1","2","4","bal",13,"German","target",17,"information","male",26,"German"
"303","G13_T_17_I",3035,0.0887859013599934,97.1038665771484,"NP","N","-1","2","4","bal",13,"German","target",17,"information","male",26,"German"
"304","G13_T_17_I",3045,0.0926989115026846,96.4393920898438,"NP","N","-1","2","4","bal",13,"German","target",17,"information","male",26,"German"
"305","G13_T_17_I",3055,0.0947714965601824,95.0212783813477,"NP","N","-1","2","4","bal",13,"German","target",17,"information","male",26,"German"
"306","G13_T_17_I",3065,0.0951235428258146,94.2352294921875,"NP","N","-1","2","4","bal",13,"German","target",17,"information","male",26,"German"
"307","G13_T_17_I",3075,0.0940477769428162,93.1164932250977,"NP","N","-1","2","4","bal",13,"German","target",17,"information","male",26,"German"
"308","G13_T_17_I",3085,0.0919655668782677,91.8942413330078,"NP","N","-1","2","4","bal",13,"German","target",17,"information","male",26,"German"
"309","G13_T_17_I",3095,0.0893453404253338,90.5980911254883,"NP","N","-1","2","4","bal",13,"German","target",17,"information","male",26,"German"
"310","G13_T_17_I",3105,0.0865215533871572,88.6767730712891,"NP","N","-1","2","4","bal",13,"German","target",17,"information","male",26,"German"
"311","G13_T_17_I",3115,0.0836083991420633,87.2647933959961,"NP","N","-1","2","4","bal",13,"German","target",17,"information","male",26,"German"
"312","G13_T_17_I",3125,0.0805907876731737,96,"NP","N","-1","2","4","bal",13,"German","target",17,"information","male",26,"German"
"313","G13_T_17_I",3135,0.0774390777252867,0,"NP","N","-1","2","4","bal",13,"German","target",17,"information","male",26,"German"
"314","G13_T_17_I",3145,0.0741204464569083,0,"NP","N","-1","2","4","bal",13,"German","target",17,"information","male",26,"German"
"315","G13_T_17_I",3155,0.0705891502708881,0,"NP","N","-1","2","4","bal",13,"German","target",17,"information","male",26,"German"
"316","G13_T_17_I",3165,0.066801550616046,87.2330780029297,"NP","N","-1","2","4","bal",13,"German","target",17,"information","male",26,"German"
"317","G13_T_17_I",3175,0.062737602609807,89.5135879516602,"NP","N","-1","2","4","bal",13,"German","target",17,"information","male",26,"German"
"318","G13_T_17_I",3185,0.0584364363460255,87.1976470947266,"NP","N","-1","2","4","bal",13,"German","target",17,"information","male",26,"German"
"319","G13_T_17_I",3195,0.053916980699162,86.3532257080078,"NP","N","-1","2","4","bal",13,"German","target",17,"information","male",26,"German"
"320","G13_T_17_I",3205,0.0491975748962277,84.4244689941406,"NP","N","-1","2","4","bal",13,"German","target",17,"information","male",26,"German"
"321","G13_T_17_I",3215,0.0443721068614581,81.0810775756836,"NP","N","-1","2","4","bal",13,"German","target",17,"information","male",26,"German"
"322","G13_T_17_I",3225,0.0396001804637571,83.9378890991211,"NP","N","-1","2","4","bal",13,"German","target",17,"information","male",26,"German"
"323","G13_T_17_I",3235,0.0350779879951858,83.7450332641602,"NP","N","-1","2","4","bal",13,"German","target",17,"information","male",26,"German"
"324","G13_T_17_I",3245,0.0309762332098485,84.683464050293,"NP","N","-1","2","4","bal",13,"German","target",17,"information","male",26,"German"
"325","G13_T_17_I",3255,0.027393353279714,0,"NP","N","-1","2","4","bal",13,"German","target",17,"information","male",26,"German"
"326","G13_T_17_I",3265,0.0243361517587774,0,"NP","N","-1","2","4","bal",13,"German","target",17,"information","male",26,"German"
"327","G13_T_17_I",3275,0.021764138501208,0,"NP","N","-1","2","4","bal",13,"German","target",17,"information","male",26,"German"
"328","G13_T_17_I",3285,0.0196002706149071,0,"NP","N","-1","2","4","bal",13,"German","target",17,"information","male",26,"German"
"329","G13_T_17_I",3295,0.0177524360863583,0,"NP","N","-1","2","4","bal",13,"German","target",17,"information","male",26,"German"
"330","G13_T_17_I",3305,0.0161528520656321,0,"NP","N","-1","2","4","bal",13,"German","target",17,"information","male",26,"German"
"331","G13_T_17_I",3315,0.014749317452079,0,"NP","N","-1","2","4","bal",13,"German","target",17,"information","male",26,"German"
"332","G13_T_17_I",3325,0.0135031571750342,0,NA,NA,NA,NA,"5","<p>",13,"German","target",17,"information","male",26,"German"
"333","G13_T_17_I",3335,0.0123792838017023,0,NA,NA,NA,NA,"5","<p>",13,"German","target",17,"information","male",26,"German"
"334","G13_T_17_I",3345,0.0113558188781107,0,NA,NA,NA,NA,"5","<p>",13,"German","target",17,"information","male",26,"German"
"335","G13_T_17_I",3355,0.0104232722044946,0,NA,NA,NA,NA,"5","<p>",13,"German","target",17,"information","male",26,"German"
"336","G13_T_17_I",3365,0.00956261950211382,0,NA,NA,NA,NA,"5","<p>",13,"German","target",17,"information","male",26,"German"
"337","G13_T_17_I",3375,0.00875400339854852,0,NA,NA,NA,NA,"5","<p>",13,"German","target",17,"information","male",26,"German"
"338","G13_T_17_I",3385,0.00799143529474251,0,NA,NA,NA,NA,"5","<p>",13,"German","target",17,"information","male",26,"German"
"339","G13_T_17_I",3395,0.00727861194426148,0,NA,NA,NA,NA,"5","<p>",13,"German","target",17,"information","male",26,"German"
"340","G13_T_17_I",3405,0.0066175312136635,0,NA,NA,NA,NA,"5","<p>",13,"German","target",17,"information","male",26,"German"
"341","G13_T_17_I",3415,0.00601210598877032,0,NA,NA,NA,NA,"5","<p>",13,"German","target",17,"information","male",26,"German"
"342","G13_T_17_I",3425,0.00546239272021692,0,NA,NA,NA,NA,"5","<p>",13,"German","target",17,"information","male",26,"German"
"343","G13_T_17_I",3435,0.00495980405032619,0,NA,NA,NA,NA,"5","<p>",13,"German","target",17,"information","male",26,"German"
"344","G13_T_17_I",3445,0.00449550273007662,0,NA,NA,NA,NA,"5","<p>",13,"German","target",17,"information","male",26,"German"
"345","G13_T_17_I",3455,0.0040701806864733,0,NA,NA,NA,NA,"5","<p>",13,"German","target",17,"information","male",26,"German"
"346","G13_T_17_I",3465,0.00368599186445617,0,NA,NA,NA,NA,"5","<p>",13,"German","target",17,"information","male",26,"German"
"347","G13_T_17_I",3475,0.00333907483973186,0,NA,NA,NA,NA,"5","<p>",13,"German","target",17,"information","male",26,"German"
"348","G13_T_17_I",3485,0.00302536802332481,0,NA,NA,NA,NA,"5","<p>",13,"German","target",17,"information","male",26,"German"
"349","G13_T_17_I",3495,0.00274195584103401,0,NA,NA,NA,NA,"5","<p>",13,"German","target",17,"information","male",26,"German"
"350","G13_T_17_I",3505,0.00248578354954425,0,NA,NA,NA,NA,"5","<p>",13,"German","target",17,"information","male",26,"German"
"351","G13_T_17_I",3515,0.00225372183575476,0,NA,NA,NA,NA,"5","<p>",13,"German","target",17,"information","male",26,"German"
"352","G13_T_17_I",3525,0.00204078664918368,0,NA,NA,NA,NA,"5","<p>",13,"German","target",17,"information","male",26,"German"
"353","G13_T_17_I",3535,0.0018442801921175,0,NA,NA,NA,NA,"5","<p>",13,"German","target",17,"information","male",26,"German"
"354","G13_T_17_I",3545,0.00166406839863383,0,NA,NA,NA,NA,"5","<p>",13,"German","target",17,"information","male",26,"German"
"355","G13_T_17_I",3555,0.00149896216137295,0,NA,NA,NA,NA,"5","<p>",13,"German","target",17,"information","male",26,"German"
"356","G13_T_17_I",3565,0.00134761512039871,0,NA,NA,NA,NA,"5","<p>",13,"German","target",17,"information","male",26,"German"
"357","G13_T_17_I",3575,0.00121144224330191,0,NA,NA,NA,NA,"5","<p>",13,"German","target",17,"information","male",26,"German"
"358","G13_T_17_I",3585,0.00109286333798326,0,NA,NA,NA,NA,"5","<p>",13,"German","target",17,"information","male",26,"German"
"359","G13_T_17_I",3595,0.000990810668599418,0,NA,NA,NA,NA,"5","<p>",13,"German","target",17,"information","male",26,"German"
"360","G13_T_17_I",3605,0.000902963968879446,0,NA,NA,NA,NA,"5","<p>",13,"German","target",17,"information","male",26,"German"
"361","G13_T_17_I",3615,0.00082697038690222,0,NA,NA,NA,NA,"5","<p>",13,"German","target",17,"information","male",26,"German"
"362","G13_T_17_I",3625,0.000760020348466262,0,NA,NA,NA,NA,"5","<p>",13,"German","target",17,"information","male",26,"German"
"363","G13_T_17_I",3635,0.000699595725991237,0,NA,NA,NA,NA,"5","<p>",13,"German","target",17,"information","male",26,"German"
"364","G13_T_17_I",3645,0.000643782338008825,0,NA,NA,NA,NA,"5","<p>",13,"German","target",17,"information","male",26,"German"
"365","G13_T_17_I",3655,0.000590315234479865,0,NA,NA,NA,NA,"5","<p>",13,"German","target",17,"information","male",26,"German"
"366","G13_T_17_I",3665,0.000536263908058913,0,NA,NA,NA,NA,"5","<p>",13,"German","target",17,"information","male",26,"German"
"367","G13_T_17_I",3675,0.000480258560818513,0,NA,NA,NA,NA,"5","<p>",13,"German","target",17,"information","male",26,"German"
"368","G13_T_17_I",3685,0.00042300069221665,0,NA,NA,NA,NA,"5","<p>",13,"German","target",17,"information","male",26,"German"
"369","G13_T_17_I",3695,0.000366122391214653,0,NA,NA,NA,NA,"5","<p>",13,"German","target",17,"information","male",26,"German"
"370","G13_T_17_I",3705,0.000312701650537754,0,NA,NA,NA,NA,"5","<p>",13,"German","target",17,"information","male",26,"German"
"371","G13_T_17_I",3715,0.000268112427605273,0,NA,NA,NA,NA,"5","<p>",13,"German","target",17,"information","male",26,"German"
"372","G13_T_17_I",3725,0.000245423507730654,0,NA,NA,NA,NA,"5","<p>",13,"German","target",17,"information","male",26,"German"
"373","G13_T_17_I",3735,0.000274202538614718,0,NA,NA,NA,NA,"5","<p>",13,"German","target",17,"information","male",26,"German"
"374","G13_T_17_I",3745,0.000470541709729055,0,NA,NA,NA,NA,"5","<p>",13,"German","target",17,"information","male",26,"German"
"375","G13_T_17_I",3755,0.00107926901308842,0,NA,NA,NA,NA,"5","<p>",13,"German","target",17,"information","male",26,"German"
"376","G13_T_17_I",3765,0.00236760299391388,0,NA,NA,NA,NA,"5","<p>",13,"German","target",17,"information","male",26,"German"
"377","G13_T_17_I",3775,0.00452265193638219,0,NA,NA,NA,NA,"5","<p>",13,"German","target",17,"information","male",26,"German"
"378","G13_T_17_I",3785,0.0075923517775041,0,NA,NA,NA,NA,"6","post",13,"German","target",17,"information","male",26,"German"
"379","G13_T_17_I",3795,0.0114772374403753,0,NA,NA,NA,NA,"6","post",13,"German","target",17,"information","male",26,"German"
"380","G13_T_17_I",3805,0.0160069868312055,0,NA,NA,NA,NA,"6","post",13,"German","target",17,"information","male",26,"German"
"381","G13_T_17_I",3815,0.0209783845149688,0,NA,NA,NA,NA,"6","post",13,"German","target",17,"information","male",26,"German"
"382","G13_T_17_I",3825,0.0261399919470455,0,NA,NA,NA,NA,"6","post",13,"German","target",17,"information","male",26,"German"
"383","G13_T_17_I",3835,0.0312033951464882,0,NA,NA,NA,NA,"6","post",13,"German","target",17,"information","male",26,"German"
"384","G13_T_17_I",3845,0.0358816930175824,142.322326660156,NA,NA,NA,NA,"6","post",13,"German","target",17,"information","male",26,"German"
"385","G13_T_17_I",3855,0.039919410971325,139.407180786133,NA,NA,NA,NA,"6","post",13,"German","target",17,"information","male",26,"German"
"386","G13_T_17_I",3865,0.0431011892433303,140.469940185547,NA,NA,NA,NA,"6","post",13,"German","target",17,"information","male",26,"German"
"387","G13_T_17_I",3875,0.0452596728359563,143.520843505859,NA,NA,NA,NA,"6","post",13,"German","target",17,"information","male",26,"German"
"388","G13_T_17_I",3885,0.0462848332184086,129.243133544922,NA,NA,NA,NA,"6","post",13,"German","target",17,"information","male",26,"German"
"389","G13_T_17_I",3895,0.046152080319865,141.42253112793,NA,NA,NA,NA,"6","post",13,"German","target",17,"information","male",26,"German"
"390","G13_T_17_I",3905,0.0449569258189974,141.091415405273,NA,NA,NA,NA,"6","post",13,"German","target",17,"information","male",26,"German"
"391","G13_T_17_I",3915,0.042928995014973,137.443511962891,NA,NA,NA,NA,"6","post",13,"German","target",17,"information","male",26,"German"
"392","G13_T_17_I",3925,0.0404548920829758,137.679641723633,NA,NA,NA,NA,"6","post",13,"German","target",17,"information","male",26,"German"
"393","G13_T_17_I",3935,0.0380003849636475,133.997161865234,NA,NA,NA,NA,"6","post",13,"German","target",17,"information","male",26,"German"
"394","G13_T_17_I",3945,0.0358993056773804,0,NA,NA,NA,NA,"6","post",13,"German","target",17,"information","male",26,"German"
"395","G13_T_17_I",3955,0.0342751682750452,0,NA,NA,NA,NA,"6","post",13,"German","target",17,"information","male",26,"German"
"396","G13_T_17_I",3965,0.0331514724276999,0,NA,NA,NA,NA,"6","post",13,"German","target",17,"information","male",26,"German"
"397","G13_T_17_I",3975,0.0325288773216342,0,NA,NA,NA,NA,"6","post",13,"German","target",17,"information","male",26,"German"
"398","G13_T_17_I",3985,0.0324357990931876,0,NA,NA,NA,NA,NA,NA,13,"German","target",17,"information","male",26,"German"
"399","G13_T_17_I",3995,0.0329184772334288,0,NA,NA,NA,NA,NA,NA,13,"German","target",17,"information","male",26,"German"
"400","G13_T_17_I",4005,0.0339868309190572,0,NA,NA,NA,NA,NA,NA,13,"German","target",17,"information","male",26,"German"
"401","G13_T_17_I",4015,0.0356028972637038,0,NA,NA,NA,NA,NA,NA,13,"German","target",17,"information","male",26,"German"
"402","G13_T_17_I",4025,0.0376762167832296,0,NA,NA,NA,NA,NA,NA,13,"German","target",17,"information","male",26,"German"
"403","G13_T_17_I",4035,0.0400883107373373,0,NA,NA,NA,NA,NA,NA,13,"German","target",17,"information","male",26,"German"
"404","G13_T_17_I",4045,0.0426372196459951,0,NA,NA,NA,NA,NA,NA,13,"German","target",17,"information","male",26,"German"
"405","G13_T_17_I",4055,0.0450426003212235,0,NA,NA,NA,NA,NA,NA,13,"German","target",17,"information","male",26,"German"
"406","G13_T_17_I",4065,0.0470642392856897,0,NA,NA,NA,NA,NA,NA,13,"German","target",17,"information","male",26,"German"
"407","G13_T_17_I",4075,0.0485155029581042,0,NA,NA,NA,NA,NA,NA,13,"German","target",17,"information","male",26,"German"
"408","G13_T_17_I",4085,0.0492793878218379,0,NA,NA,NA,NA,NA,NA,13,"German","target",17,"information","male",26,"German"
"409","G13_T_17_I",4095,0.0493401412709536,0,NA,NA,NA,NA,NA,NA,13,"German","target",17,"information","male",26,"German"
"410","G13_T_17_I",4105,0.0487592765322069,0,NA,NA,NA,NA,NA,NA,13,"German","target",17,"information","male",26,"German"
"411","G13_T_17_I",4115,0.0476264042909054,0,NA,NA,NA,NA,NA,NA,13,"German","target",17,"information","male",26,"German"
"412","G13_T_17_I",4125,0.0459796352006518,0,NA,NA,NA,NA,NA,NA,13,"German","target",17,"information","male",26,"German"
"413","G13_T_17_I",4135,0.0438308182645113,0,NA,NA,NA,NA,NA,NA,13,"German","target",17,"information","male",26,"German"
"414","G13_T_17_I",4145,0.0412551807039965,0,NA,NA,NA,NA,NA,NA,13,"German","target",17,"information","male",26,"German"
"415","G13_T_17_I",4155,0.0383812158519206,0,NA,NA,NA,NA,NA,NA,13,"German","target",17,"information","male",26,"German"
"416","G13_T_17_I",4165,0.0353526174172306,0,NA,NA,NA,NA,NA,NA,13,"German","target",17,"information","male",26,"German"
"417","G13_T_17_I",4175,0.032307345856763,0,NA,NA,NA,NA,NA,NA,13,"German","target",17,"information","male",26,"German"
"418","G13_T_17_I",4185,0.0293574269337738,0,NA,NA,NA,NA,NA,NA,13,"German","target",17,"information","male",26,"German"
"419","G13_T_17_I",4195,0.0266033515987441,0,NA,NA,NA,NA,NA,NA,13,"German","target",17,"information","male",26,"German"
"420","G13_T_17_I",4205,0.0241270135421805,0,NA,NA,NA,NA,NA,NA,13,"German","target",17,"information","male",26,"German"
"421","G13_T_17_I",4215,0.0219909761221487,0,NA,NA,NA,NA,NA,NA,13,"German","target",17,"information","male",26,"German"
"422","G13_T_17_I",4225,0.0202403666806642,0,NA,NA,NA,NA,NA,NA,13,"German","target",17,"information","male",26,"German"
"423","G13_T_17_I",4235,0.0188579751136475,0,NA,NA,NA,NA,NA,NA,13,"German","target",17,"information","male",26,"German"
"424","G13_T_17_I",4245,0.0178229232266867,0,NA,NA,NA,NA,NA,NA,13,"German","target",17,"information","male",26,"German"
"425","G13_T_17_I",4255,0.0171405335914027,0,NA,NA,NA,NA,NA,NA,13,"German","target",17,"information","male",26,"German"
"426","G13_T_17_I",4265,0.0167692009533843,0,NA,NA,NA,NA,NA,NA,13,"German","target",17,"information","male",26,"German"
"427","G13_T_17_I",4275,0.0166387131022113,0,NA,NA,NA,NA,NA,NA,13,"German","target",17,"information","male",26,"German"
"428","G13_T_17_I",4285,0.0166772378123939,0,NA,NA,NA,NA,NA,NA,13,"German","target",17,"information","male",26,"German"
"429","G13_T_17_I",4295,0.0167839328596155,0,NA,NA,NA,NA,NA,NA,13,"German","target",17,"information","male",26,"German"
"430","G13_T_17_I",4305,0.0168288864601776,0,NA,NA,NA,NA,NA,NA,13,"German","target",17,"information","male",26,"German"
"431","G13_T_17_I",4315,0.0166881099793858,0,NA,NA,NA,NA,NA,NA,13,"German","target",17,"information","male",26,"German"
"432","G13_T_17_I",4325,0.0162756669986121,0,NA,NA,NA,NA,NA,NA,13,"German","target",17,"information","male",26,"German"
"433","G13_T_17_I",4335,0.0155515238948764,0,NA,NA,NA,NA,NA,NA,13,"German","target",17,"information","male",26,"German"
"434","G13_T_17_I",4345,0.0145243345380329,0,NA,NA,NA,NA,NA,NA,13,"German","target",17,"information","male",26,"German"
"435","G13_T_17_I",4355,0.0132521684952845,0,NA,NA,NA,NA,NA,NA,13,"German","target",17,"information","male",26,"German"
"436","G13_T_17_I",4365,0.0118365751540636,0,NA,NA,NA,NA,NA,NA,13,"German","target",17,"information","male",26,"German"
"437","G13_T_17_I",4375,0.0104589692419172,0,NA,NA,NA,NA,NA,NA,13,"German","target",17,"information","male",26,"German"
"438","G13_T_17_I",4385,0.00933260868654709,0,NA,NA,NA,NA,NA,NA,13,"German","target",17,"information","male",26,"German"
"439","G13_T_17_I",4395,0.00859373711161958,0,NA,NA,NA,NA,NA,NA,13,"German","target",17,"information","male",26,"German"
"440","G13_T_17_I",4405,0.00829211362795856,0,NA,NA,NA,NA,NA,NA,13,"German","target",17,"information","male",26,"German"
"441","G13_T_17_I",4415,0.00842605368431194,0,NA,NA,NA,NA,NA,NA,13,"German","target",17,"information","male",26,"German"
"442","G13_T_17_I",4425,0.00896693836460207,0,NA,NA,NA,NA,NA,NA,13,"German","target",17,"information","male",26,"German"
"443","G13_T_17_I",4435,0.00988423890638889,0,NA,NA,NA,NA,NA,NA,13,"German","target",17,"information","male",26,"German"
"444","G13_T_17_I",4445,0.0111386037405016,0,NA,NA,NA,NA,NA,NA,13,"German","target",17,"information","male",26,"German"
"445","G13_T_17_I",4455,0.0126547859201723,0,NA,NA,NA,NA,NA,NA,13,"German","target",17,"information","male",26,"German"
"446","G13_T_17_I",4465,0.0143247989626582,0,NA,NA,NA,NA,NA,NA,13,"German","target",17,"information","male",26,"German"
"447","G13_T_17_I",4475,0.0160391327633766,0,NA,NA,NA,NA,NA,NA,13,"German","target",17,"information","male",26,"German"
"448","G13_T_17_I",4485,0.0177124786635744,0,NA,NA,NA,NA,NA,NA,13,"German","target",17,"information","male",26,"German"
"449","G13_T_17_I",4495,0.01928482752481,0,NA,NA,NA,NA,NA,NA,13,"German","target",17,"information","male",26,"German"
"450","G13_T_17_I",4505,0.0207034811005044,0,NA,NA,NA,NA,NA,NA,13,"German","target",17,"information","male",26,"German"
"451","G13_T_17_I",4515,0.021922287756436,0,NA,NA,NA,NA,NA,NA,13,"German","target",17,"information","male",26,"German"
"452","G13_T_17_I",4525,0.0228957149604406,0,NA,NA,NA,NA,NA,NA,13,"German","target",17,"information","male",26,"German"
"453","G13_T_17_I",4535,0.023587651009229,0,NA,NA,NA,NA,NA,NA,13,"German","target",17,"information","male",26,"German"
"454","G13_T_17_I",4545,0.0240169442228915,0,NA,NA,NA,NA,NA,NA,13,"German","target",17,"information","male",26,"German"
"455","G13_T_17_I",4555,0.0242243404566642,0,NA,NA,NA,NA,NA,NA,13,"German","target",17,"information","male",26,"German"
"456","G13_T_17_I",4565,0.0242561908827958,0,NA,NA,NA,NA,NA,NA,13,"German","target",17,"information","male",26,"German"
"457","G13_T_17_I",4575,0.0241235052197729,0,NA,NA,NA,NA,NA,NA,13,"German","target",17,"information","male",26,"German"
"458","G13_T_17_I",4585,0.0238280079445991,0,NA,NA,NA,NA,NA,NA,13,"German","target",17,"information","male",26,"German"
"459","G13_T_17_I",4595,0.0234728356668457,0,NA,NA,NA,NA,NA,NA,13,"German","target",17,"information","male",26,"German"
"460","G13_T_17_I",4605,0.0232439096806917,0,NA,NA,NA,NA,NA,NA,13,"German","target",17,"information","male",26,"German"
"461","G13_T_17_I",4615,0.0232857792373305,0,NA,NA,NA,NA,NA,NA,13,"German","target",17,"information","male",26,"German"
"462","G13_T_17_I",4625,0.0236413637252485,0,NA,NA,NA,NA,NA,NA,13,"German","target",17,"information","male",26,"German"
"463","G13_T_17_I",4635,0.0242825216921015,0,NA,NA,NA,NA,NA,NA,13,"German","target",17,"information","male",26,"German"
"464","G13_T_17_I",4645,0.0251537200200189,0,NA,NA,NA,NA,NA,NA,13,"German","target",17,"information","male",26,"German"
"465","G13_T_17_I",4655,0.0261841173657835,0,NA,NA,NA,NA,NA,NA,13,"German","target",17,"information","male",26,"German"
"466","G13_T_17_I",4665,0.0272885743781094,0,NA,NA,NA,NA,NA,NA,13,"German","target",17,"information","male",26,"German"
"467","G13_T_17_I",4675,0.028374422390296,0,NA,NA,NA,NA,NA,NA,13,"German","target",17,"information","male",26,"German"
"468","G13_T_17_I",4685,0.0293241276934078,0,NA,NA,NA,NA,NA,NA,13,"German","target",17,"information","male",26,"German"
"469","G13_T_17_I",4695,0.0299976498748539,0,NA,NA,NA,NA,NA,NA,13,"German","target",17,"information","male",26,"German"
"470","G13_T_17_I",4705,0.0302651463906482,0,NA,NA,NA,NA,NA,NA,13,"German","target",17,"information","male",26,"German"
"471","G13_T_17_I",4715,0.0300409394869577,0,NA,NA,NA,NA,NA,NA,13,"German","target",17,"information","male",26,"German"
"472","G13_T_17_I",4725,0.0293090916613723,0,NA,NA,NA,NA,NA,NA,13,"German","target",17,"information","male",26,"German"
"473","G13_T_17_I",4735,0.0281135265542781,0,NA,NA,NA,NA,NA,NA,13,"German","target",17,"information","male",26,"German"
"474","G13_T_17_I",4745,0.0265127108238133,0,NA,NA,NA,NA,NA,NA,13,"German","target",17,"information","male",26,"German"
"475","G13_T_17_I",4755,0.0246165505199119,0,NA,NA,NA,NA,NA,NA,13,"German","target",17,"information","male",26,"German"
"476","G13_T_17_I",4765,0.0226024890744858,0,NA,NA,NA,NA,NA,NA,13,"German","target",17,"information","male",26,"German"
"477","G13_T_17_I",4775,0.0206512046341042,0,NA,NA,NA,NA,NA,NA,13,"German","target",17,"information","male",26,"German"
"478","G13_T_17_I",4785,0.0189009461137596,0,NA,NA,NA,NA,NA,NA,13,"German","target",17,"information","male",26,"German"
"479","G13_T_17_I",4795,0.0174238712674137,0,NA,NA,NA,NA,NA,NA,13,"German","target",17,"information","male",26,"German"
"480","G13_T_17_I",4805,0.0162025654504941,0,NA,NA,NA,NA,NA,NA,13,"German","target",17,"information","male",26,"German"
"481","G13_T_17_I",4815,0.0151829461616731,0,NA,NA,NA,NA,NA,NA,13,"German","target",17,"information","male",26,"German"
"482","G13_T_17_I",4825,0.0143518524512809,0,NA,NA,NA,NA,NA,NA,13,"German","target",17,"information","male",26,"German"
"483","G13_T_17_I",4835,0.0137133727585694,0,NA,NA,NA,NA,NA,NA,13,"German","target",17,"information","male",26,"German"
"484","G13_T_17_I",4845,0.0132496950240506,0,NA,NA,NA,NA,NA,NA,13,"German","target",17,"information","male",26,"German"
"485","G13_T_17_I",4855,0.012932735618873,0,NA,NA,NA,NA,NA,NA,13,"German","target",17,"information","male",26,"German"
"486","G13_T_17_I",4865,0.0127255658255722,0,NA,NA,NA,NA,NA,NA,13,"German","target",17,"information","male",26,"German"
"487","G13_T_17_I",4875,0.0125755915640157,0,NA,NA,NA,NA,NA,NA,13,"German","target",17,"information","male",26,"German"
"488","G13_T_17_I",4885,0.0124274524381478,0,NA,NA,NA,NA,NA,NA,13,"German","target",17,"information","male",26,"German"
"489","G13_T_17_I",4895,0.0122459911563863,0,NA,NA,NA,NA,NA,NA,13,"German","target",17,"information","male",26,"German"
"490","G13_T_17_I",4905,0.012022377190421,0,NA,NA,NA,NA,NA,NA,13,"German","target",17,"information","male",26,"German"
"491","G13_T_17_I",4915,0.0117548336624805,204.192047119141,NA,NA,NA,NA,NA,NA,13,"German","target",17,"information","male",26,"German"
"492","G13_T_17_I",4925,0.0114404082943911,179.659194946289,NA,NA,NA,NA,NA,NA,13,"German","target",17,"information","male",26,"German"
"493","G13_T_17_I",4935,0.0110781601962778,187.132400512695,NA,NA,NA,NA,NA,NA,13,"German","target",17,"information","male",26,"German"
"494","G13_T_17_I",4945,0.0106777863200436,0,NA,NA,NA,NA,NA,NA,13,"German","target",17,"information","male",26,"German"
"495","G13_T_17_I",4955,0.0102455573936799,0,NA,NA,NA,NA,NA,NA,13,"German","target",17,"information","male",26,"German"
"496","G13_T_17_I",4965,0.00975055724791778,0,NA,NA,NA,NA,NA,NA,13,"German","target",17,"information","male",26,"German"
"497","G13_T_17_I",4975,0.00916721142593217,0,NA,NA,NA,NA,NA,NA,13,"German","target",17,"information","male",26,"German"
"498","G13_T_17_I",4985,0.00850858516336035,0,NA,NA,NA,NA,NA,NA,13,"German","target",17,"information","male",26,"German"
"499","G13_T_17_I",4995,0.00779816768829539,0,NA,NA,NA,NA,NA,NA,13,"German","target",17,"information","male",26,"German"
"500","G13_T_17_I",5005,0.00706686136160338,0,NA,NA,NA,NA,NA,NA,13,"German","target",17,"information","male",26,"German"
"501","G13_T_17_I",5015,0.00634670479469151,0,NA,NA,NA,NA,NA,NA,13,"German","target",17,"information","male",26,"German"
"502","G13_T_17_I",5025,0.00565471471949807,0,NA,NA,NA,NA,NA,NA,13,"German","target",17,"information","male",26,"German"
"503","G13_T_17_I",5035,0.00499789336381223,0,NA,NA,NA,NA,NA,NA,13,"German","target",17,"information","male",26,"German"
"504","G13_T_17_I",5045,0.00437972827202207,0,NA,NA,NA,NA,NA,NA,13,"German","target",17,"information","male",26,"German"
"505","G13_T_17_I",5055,0.0037986390064159,0,NA,NA,NA,NA,NA,NA,13,"German","target",17,"information","male",26,"German"
"506","G13_T_17_I",5065,0.00325791292345552,0,NA,NA,NA,NA,NA,NA,13,"German","target",17,"information","male",26,"German"
"507","G13_T_17_I",5075,0.00276617550521559,0,NA,NA,NA,NA,NA,NA,13,"German","target",17,"information","male",26,"German"
"508","G13_T_17_I",5085,0.00232944557650169,0,NA,NA,NA,NA,NA,NA,13,"German","target",17,"information","male",26,"German"
"509","G13_T_17_I",5095,0.00194597809181508,0,NA,NA,NA,NA,NA,NA,13,"German","target",17,"information","male",26,"German"
"510","G13_T_17_I",5105,0.00161123278919544,0,NA,NA,NA,NA,NA,NA,13,"German","target",17,"information","male",26,"German"
"511","G13_T_17_I",5115,0.0013196297543029,0,NA,NA,NA,NA,NA,NA,13,"German","target",17,"information","male",26,"German"
"512","G13_T_17_I",5125,0.00106609901398366,0,NA,NA,NA,NA,NA,NA,13,"German","target",17,"information","male",26,"German"
"513","G13_T_17_I",5135,0.000851493203129517,0,NA,NA,NA,NA,NA,NA,13,"German","target",17,"information","male",26,"German"
"514","G13_T_17_I",5145,0.000675655970979309,0,NA,NA,NA,NA,NA,NA,13,"German","target",17,"information","male",26,"German"
"515","G13_T_17_I",5155,0.00053353628171135,0,NA,NA,NA,NA,NA,NA,13,"German","target",17,"information","male",26,"German"
"516","G13_T_17_I",5165,0.000420407288952777,0,NA,NA,NA,NA,NA,NA,13,"German","target",17,"information","male",26,"German"
"517","G13_T_17_I",5175,0.000333040453140994,0,NA,NA,NA,NA,NA,NA,13,"German","target",17,"information","male",26,"German"
"518","G13_T_17_I",5185,0.000267149980427235,0,NA,NA,NA,NA,NA,NA,13,"German","target",17,"information","male",26,"German"
"519","G13_T_17_I",5195,0.0002174599350459,0,NA,NA,NA,NA,NA,NA,13,"German","target",17,"information","male",26,"German"
"520","G13_T_17_I",5205,0.000179890236454279,0,NA,NA,NA,NA,NA,NA,13,"German","target",17,"information","male",26,"German"
"521","G13_T_17_I",5215,0.000152463559781833,0,NA,NA,NA,NA,NA,NA,13,"German","target",17,"information","male",26,"German"
"522","G13_T_17_I",5225,0.000133768238127672,0,NA,NA,NA,NA,NA,NA,13,"German","target",17,"information","male",26,"German"
"523","G13_T_17_I",5235,0.00012292268773373,0,NA,NA,NA,NA,NA,NA,13,"German","target",17,"information","male",26,"German"
"524","G13_T_17_I",5245,0.000128933518124972,0,NA,NA,NA,NA,NA,NA,13,"German","target",17,"information","male",26,"German"
"525","G13_T_17_I",5255,0.00021569340023734,0,NA,NA,NA,NA,NA,NA,13,"German","target",17,"information","male",26,"German"
"526","G13_T_17_I",5265,0.00052187140641794,0,NA,NA,NA,NA,NA,NA,13,"German","target",17,"information","male",26,"German"
"527","G13_T_17_I",5275,0.00122911554212634,0,NA,NA,NA,NA,NA,NA,13,"German","target",17,"information","male",26,"German"
"528","G13_T_17_I",5285,0.00249023092626815,0,NA,NA,NA,NA,NA,NA,13,"German","target",17,"information","male",26,"German"
"529","G13_T_17_I",5295,0.00439996323841827,0,NA,NA,NA,NA,NA,NA,13,"German","target",17,"information","male",26,"German"
"530","G13_T_17_I",5305,0.00698494851557772,0,NA,NA,NA,NA,NA,NA,13,"German","target",17,"information","male",26,"German"
"531","G13_T_17_I",5315,0.0101706919060659,0,NA,NA,NA,NA,NA,NA,13,"German","target",17,"information","male",26,"German"
"532","G13_T_17_I",5325,0.0137846125861884,0,NA,NA,NA,NA,NA,NA,13,"German","target",17,"information","male",26,"German"
"533","G13_T_17_I",5335,0.0176078610447507,0,NA,NA,NA,NA,NA,NA,13,"German","target",17,"information","male",26,"German"
"534","G13_T_17_I",5345,0.0214086617426641,0,NA,NA,NA,NA,NA,NA,13,"German","target",17,"information","male",26,"German"
"535","G13_T_17_I",5355,0.0249321862418662,0,NA,NA,NA,NA,NA,NA,13,"German","target",17,"information","male",26,"German"
"536","G13_T_17_I",5365,0.0279489019956993,0,NA,NA,NA,NA,NA,NA,13,"German","target",17,"information","male",26,"German"
"537","G13_T_17_I",5375,0.0302790415180648,0,NA,NA,NA,NA,NA,NA,13,"German","target",17,"information","male",26,"German"
"538","G13_T_17_I",5385,0.0317797896375557,0,NA,NA,NA,NA,NA,NA,13,"German","target",17,"information","male",26,"German"
"539","G13_T_17_I",5395,0.0323702407580044,0,NA,NA,NA,NA,NA,NA,13,"German","target",17,"information","male",26,"German"
"540","G13_T_17_I",5405,0.0320631438881803,0,NA,NA,NA,NA,NA,NA,13,"German","target",17,"information","male",26,"German"
"541","G13_T_17_I",5415,0.0309560396650574,0,NA,NA,NA,NA,NA,NA,13,"German","target",17,"information","male",26,"German"
"542","G13_T_17_I",5425,0.0292084569801586,0,NA,NA,NA,NA,NA,NA,13,"German","target",17,"information","male",26,"German"
"543","G13_T_17_I",5435,0.0270357285831638,0,NA,NA,NA,NA,NA,NA,13,"German","target",17,"information","male",26,"German"
"544","G13_T_17_I",5445,0.0246828801609543,0,NA,NA,NA,NA,NA,NA,13,"German","target",17,"information","male",26,"German"
"545","G13_T_17_I",5455,0.022355773916293,0,NA,NA,NA,NA,NA,NA,13,"German","target",17,"information","male",26,"German"
"546","G13_T_17_I",5465,0.020178828271056,0,NA,NA,NA,NA,NA,NA,13,"German","target",17,"information","male",26,"German"
"547","G13_T_17_I",5475,0.0182107338577778,0,NA,NA,NA,NA,NA,NA,13,"German","target",17,"information","male",26,"German"
"548","G13_T_17_I",5485,0.0164787886487981,0,NA,NA,NA,NA,NA,NA,13,"German","target",17,"information","male",26,"German"
"549","G13_T_17_I",5495,0.0149722718358854,0,NA,NA,NA,NA,NA,NA,13,"German","target",17,"information","male",26,"German"
"550","G13_T_17_I",5505,0.0136564476715051,0,NA,NA,NA,NA,NA,NA,13,"German","target",17,"information","male",26,"German"
"551","G13_T_17_I",5515,0.0125079514261858,0,NA,NA,NA,NA,NA,NA,13,"German","target",17,"information","male",26,"German"
"552","G13_T_17_I",5525,0.0115207763395501,0,NA,NA,NA,NA,NA,NA,13,"German","target",17,"information","male",26,"German"
"553","G13_T_17_I",5535,0.0106753793749787,0,NA,NA,NA,NA,NA,NA,13,"German","target",17,"information","male",26,"German"
"554","G13_T_17_I",5545,0.00993064737836355,0,NA,NA,NA,NA,NA,NA,13,"German","target",17,"information","male",26,"German"
"555","G13_T_17_I",5555,0.0092612868917552,0,NA,NA,NA,NA,NA,NA,13,"German","target",17,"information","male",26,"German"
"556","G13_T_17_I",5565,0.00863646629835701,0,NA,NA,NA,NA,NA,NA,13,"German","target",17,"information","male",26,"German"
"557","G13_T_17_I",5575,0.00801973633965407,0,NA,NA,NA,NA,NA,NA,13,"German","target",17,"information","male",26,"German"
"558","G13_T_17_I",5585,0.00740028114275477,0,NA,NA,NA,NA,NA,NA,13,"German","target",17,"information","male",26,"German"
"559","G13_T_17_I",5595,0.00678205236033548,0,NA,NA,NA,NA,NA,NA,13,"German","target",17,"information","male",26,"German"
"560","G13_T_17_I",5605,0.00616176300388245,0,NA,NA,NA,NA,NA,NA,13,"German","target",17,"information","male",26,"German"
"561","G13_T_17_I",5615,0.00554081887734516,0,NA,NA,NA,NA,NA,NA,13,"German","target",17,"information","male",26,"German"
"562","G13_T_17_I",5625,0.00493758459463907,0,NA,NA,NA,NA,NA,NA,13,"German","target",17,"information","male",26,"German"
"563","G13_T_17_I",5635,0.00437355620208538,0,NA,NA,NA,NA,NA,NA,13,"German","target",17,"information","male",26,"German"
"564","G13_T_17_I",5645,0.00386650501076161,0,NA,NA,NA,NA,NA,NA,13,"German","target",17,"information","male",26,"German"
"565","G13_T_17_I",5655,0.00342858718255816,0,NA,NA,NA,NA,NA,NA,13,"German","target",17,"information","male",26,"German"
"566","G13_T_17_I",5665,0.003061489899333,0,NA,NA,NA,NA,NA,NA,13,"German","target",17,"information","male",26,"German"
"567","G13_T_17_I",5675,0.00274659272530199,0,NA,NA,NA,NA,NA,NA,13,"German","target",17,"information","male",26,"German"
"568","G13_T_17_I",5685,0.00246105120793799,0,NA,NA,NA,NA,NA,NA,13,"German","target",17,"information","male",26,"German"
"569","G13_T_17_I",5695,0.00219839436476878,0,NA,NA,NA,NA,NA,NA,13,"German","target",17,"information","male",26,"German"
"570","G13_T_17_I",5705,0.00195603023637084,0,NA,NA,NA,NA,NA,NA,13,"German","target",17,"information","male",26,"German"
"571","G13_T_17_I",5715,0.00173415813586897,0,NA,NA,NA,NA,NA,NA,13,"German","target",17,"information","male",26,"German"
"572","G13_T_17_I",5725,0.00153678147721666,0,NA,NA,NA,NA,NA,NA,13,"German","target",17,"information","male",26,"German"
"573","G13_T_17_I",5735,0.001367130131058,0,NA,NA,NA,NA,NA,NA,13,"German","target",17,"information","male",26,"German"
"574","G13_T_17_I",5745,0.00122529306950725,0,NA,NA,NA,NA,NA,NA,13,"German","target",17,"information","male",26,"German"
"575","G13_T_17_I",5755,0.00110752496199324,0,NA,NA,NA,NA,NA,NA,13,"German","target",17,"information","male",26,"German"
"576","G13_T_17_I",5765,0.00100710332671179,0,NA,NA,NA,NA,NA,NA,13,"German","target",17,"information","male",26,"German"
"577","G13_T_17_I",5775,0.000916637179055406,0,NA,NA,NA,NA,NA,NA,13,"German","target",17,"information","male",26,"German"
"578","G13_T_17_I",5785,0.000831630529126323,0,NA,NA,NA,NA,NA,NA,13,"German","target",17,"information","male",26,"German"
"579","G13_T_17_I",5795,0.000751433003523456,0,NA,NA,NA,NA,NA,NA,13,"German","target",17,"information","male",26,"German"
"580","G13_T_17_I",5805,0.000677249723805746,0,NA,NA,NA,NA,NA,NA,13,"German","target",17,"information","male",26,"German"
"581","G13_T_17_I",5815,0.00060836265506221,0,NA,NA,NA,NA,NA,NA,13,"German","target",17,"information","male",26,"German"
"582","G13_T_17_I",5825,0.000542910558949659,0,NA,NA,NA,NA,NA,NA,13,"German","target",17,"information","male",26,"German"
"583","G13_T_17_I",5835,0.000479989193735951,0,NA,NA,NA,NA,NA,NA,13,"German","target",17,"information","male",26,"German"
"584","G13_T_17_I",5845,0.000420340686271538,0,NA,NA,NA,NA,NA,NA,13,"German","target",17,"information","male",26,"German"
"585","G13_T_17_I",5855,0.000365633389479224,0,NA,NA,NA,NA,NA,NA,13,"German","target",17,"information","male",26,"German"
"586","G13_T_17_I",5865,0.000317462383807843,0,NA,NA,NA,NA,NA,NA,13,"German","target",17,"information","male",26,"German"
"587","G13_T_17_I",5875,0.000276978830303354,0,NA,NA,NA,NA,NA,NA,13,"German","target",17,"information","male",26,"German"
"588","G13_T_17_I",5885,0.000244781245955425,0,NA,NA,NA,NA,NA,NA,13,"German","target",17,"information","male",26,"German"
"589","G13_T_17_I",5895,0.000221549412562871,0,NA,NA,NA,NA,NA,NA,13,"German","target",17,"information","male",26,"German"
"590","G13_T_17_I",5905,0.00020907547878389,0,NA,NA,NA,NA,NA,NA,13,"German","target",17,"information","male",26,"German"
"591","G13_T_17_I",5915,0.000208262639345881,0,NA,NA,NA,NA,NA,NA,13,"German","target",17,"information","male",26,"German"
"592","G13_T_17_I",5925,0.000217863514140296,0,NA,NA,NA,NA,NA,NA,13,"German","target",17,"information","male",26,"German"
"593","G13_T_17_I",5935,0.000235786570669571,0,NA,NA,NA,NA,NA,NA,13,"German","target",17,"information","male",26,"German"
"594","G13_T_17_I",5945,0.000259213881960655,0,NA,NA,NA,NA,NA,NA,13,"German","target",17,"information","male",26,"German"
"595","G13_T_17_I",5955,0.000285240773052778,0,NA,NA,NA,NA,NA,NA,13,"German","target",17,"information","male",26,"German"
"596","G13_T_17_I",5965,0.000311137755136321,0,NA,NA,NA,NA,NA,NA,13,"German","target",17,"information","male",26,"German"
"597","G13_T_17_I",5975,0.000334008655499659,0,NA,NA,NA,NA,NA,NA,13,"German","target",17,"information","male",26,"German"
"598","G13_T_17_I",5985,0.00035107829742063,0,NA,NA,NA,NA,NA,NA,13,"German","target",17,"information","male",26,"German"
"599","G13_T_17_I",5995,0.000360399375863035,0,NA,NA,NA,NA,NA,NA,13,"German","target",17,"information","male",26,"German"
"600","G13_T_17_I",6005,0.000360949458140588,0,NA,NA,NA,NA,NA,NA,13,"German","target",17,"information","male",26,"German"
"601","G13_T_17_I",6015,0.000352471552681615,0,NA,NA,NA,NA,NA,NA,13,"German","target",17,"information","male",26,"German"
"602","G13_T_17_I",6025,0.000335376001191408,0,NA,NA,NA,NA,NA,NA,13,"German","target",17,"information","male",26,"German"
"603","G13_T_17_I",6035,0.000310742996938014,0,NA,NA,NA,NA,NA,NA,13,"German","target",17,"information","male",26,"German"
"604","G13_T_17_I",6045,0.00028030218647703,0,NA,NA,NA,NA,NA,NA,13,"German","target",17,"information","male",26,"German"
"605","G13_T_17_I",6055,0.000246428153228375,0,NA,NA,NA,NA,NA,NA,13,"German","target",17,"information","male",26,"German"
"606","G13_T_17_I",6065,0.000212146812207968,0,NA,NA,NA,NA,NA,NA,13,"German","target",17,"information","male",26,"German"
"607","G13_T_17_I",6075,0.000180709643243029,0,NA,NA,NA,NA,NA,NA,13,"German","target",17,"information","male",26,"German"
"608","G13_T_17_I",6085,0.000154782524003198,0,NA,NA,NA,NA,NA,NA,13,"German","target",17,"information","male",26,"German"
"609","G13_T_17_I",6095,0.000135431276343575,0,NA,NA,NA,NA,NA,NA,13,"German","target",17,"information","male",26,"German"
"610","G13_T_17_I",6105,0.000121876480349652,0,NA,NA,NA,NA,NA,NA,13,"German","target",17,"information","male",26,"German"
"611","G13_T_17_I",6115,0.00011303328714158,0,NA,NA,NA,NA,NA,NA,13,"German","target",17,"information","male",26,"German"
"612","G13_T_17_I",6125,0.000108091397816544,0,NA,NA,NA,NA,NA,NA,13,"German","target",17,"information","male",26,"German"
"613","G13_T_17_I",6135,0.000106142102020266,0,NA,NA,NA,NA,NA,NA,13,"German","target",17,"information","male",26,"German"
"614","G13_T_17_I",6145,0.00010643774848927,0,NA,NA,NA,NA,NA,NA,13,"German","target",17,"information","male",26,"German"
"615","G13_T_17_I",6155,0.000108193643413826,0,NA,NA,NA,NA,NA,NA,13,"German","target",17,"information","male",26,"German"
"616","G13_T_17_I",6165,0.000110583290203599,0,NA,NA,NA,NA,NA,NA,13,"German","target",17,"information","male",26,"German"
"617","G13_T_17_I",6175,0.0001130042891589,0,NA,NA,NA,NA,NA,NA,13,"German","target",17,"information","male",26,"German"
"618","G13_T_17_I",6185,0.000115070595361439,0,NA,NA,NA,NA,NA,NA,13,"German","target",17,"information","male",26,"German"
"619","G13_T_17_I",6195,0.000116517927105385,0,NA,NA,NA,NA,NA,NA,13,"German","target",17,"information","male",26,"German"
"620","G13_T_17_I",6205,0.000117191133304487,0,NA,NA,NA,NA,NA,NA,13,"German","target",17,"information","male",26,"German"
"621","G13_T_17_I",6215,0.000117027460274634,0,NA,NA,NA,NA,NA,NA,13,"German","target",17,"information","male",26,"German"
"622","G13_T_17_I",6225,0.000116036059737328,0,NA,NA,NA,NA,NA,NA,13,"German","target",17,"information","male",26,"German"
"623","G13_T_17_I",6235,0.000114304765959037,0,NA,NA,NA,NA,NA,NA,13,"German","target",17,"information","male",26,"German"
"624","G13_T_17_I",6245,0.000112004651352515,0,NA,NA,NA,NA,NA,NA,13,"German","target",17,"information","male",26,"German"
"625","G13_T_17_I",6255,0.00010934286208635,0,NA,NA,NA,NA,NA,NA,13,"German","target",17,"information","male",26,"German"
"626","G13_T_17_I",6265,0.000106522563851235,0,NA,NA,NA,NA,NA,NA,13,"German","target",17,"information","male",26,"German"
"627","G13_T_17_I",6275,0.000103750424674031,0,NA,NA,NA,NA,NA,NA,13,"German","target",17,"information","male",26,"German"
"628","G13_T_17_I",6285,0.000101245784884631,0,NA,NA,NA,NA,NA,NA,13,"German","target",17,"information","male",26,"German"
"629","G13_T_17_I",6295,9.91651682975243e-05,0,NA,NA,NA,NA,NA,NA,13,"German","target",17,"information","male",26,"German"
"630","G13_T_17_I",6305,9.75541669707183e-05,0,NA,NA,NA,NA,NA,NA,13,"German","target",17,"information","male",26,"German"
"631","G13_T_17_I",6315,9.64740136525437e-05,0,NA,NA,NA,NA,NA,NA,13,"German","target",17,"information","male",26,"German"
"632","G13_T_17_I",6325,9.59388358245292e-05,0,NA,NA,NA,NA,NA,NA,13,"German","target",17,"information","male",26,"German"
"633","G13_T_17_I",6335,9.58016895279019e-05,0,NA,NA,NA,NA,NA,NA,13,"German","target",17,"information","male",26,"German"
"634","G13_T_17_I",6345,9.5915939412525e-05,0,NA,NA,NA,NA,NA,NA,13,"German","target",17,"information","male",26,"German"
"635","G13_T_17_I",6355,9.62253422360361e-05,0,NA,NA,NA,NA,NA,NA,13,"German","target",17,"information","male",26,"German"
"636","G13_T_17_I",6365,9.67203129512769e-05,0,NA,NA,NA,NA,NA,NA,13,"German","target",17,"information","male",26,"German"
"637","G13_T_17_I",6375,9.73807920727911e-05,0,NA,NA,NA,NA,NA,NA,13,"German","target",17,"information","male",26,"German"
"638","G13_T_17_I",6385,9.81565786049954e-05,0,NA,NA,NA,NA,NA,NA,13,"German","target",17,"information","male",26,"German"
"639","G13_T_17_I",6395,9.89987782001912e-05,0,NA,NA,NA,NA,NA,NA,13,"German","target",17,"information","male",26,"German"
"640","G13_T_17_I",6405,9.98366812585325e-05,0,NA,NA,NA,NA,NA,NA,13,"German","target",17,"information","male",26,"German"
"641","G13_T_17_I",6415,0.000100569504959817,0,NA,NA,NA,NA,NA,NA,13,"German","target",17,"information","male",26,"German"
"642","G13_T_17_I",6425,0.000101121471453775,0,NA,NA,NA,NA,NA,NA,13,"German","target",17,"information","male",26,"German"
"643","G13_T_17_I",6435,0.000101457426278551,0,NA,NA,NA,NA,NA,NA,13,"German","target",17,"information","male",26,"German"
"644","G13_T_17_I",6445,0.000101575696265125,0,NA,NA,NA,NA,NA,NA,13,"German","target",17,"information","male",26,"German"
"645","G13_T_17_I",6455,0.000101523492238443,0,NA,NA,NA,NA,NA,NA,13,"German","target",17,"information","male",26,"German"
"646","G13_T_17_I",6465,0.00010136375379822,0,NA,NA,NA,NA,NA,NA,13,"German","target",17,"information","male",26,"German"
"647","G13_T_17_I",6475,0.000101154204926803,0,NA,NA,NA,NA,NA,NA,13,"German","target",17,"information","male",26,"German"
"648","G13_T_17_I",6485,0.000100952055492414,0,NA,NA,NA,NA,NA,NA,13,"German","target",17,"information","male",26,"German"
"649","G13_T_17_I",6495,0.000100806457646735,0,NA,NA,NA,NA,NA,NA,13,"German","target",17,"information","male",26,"German"
"650","G13_T_17_I",6505,0.000100751612499871,0,NA,NA,NA,NA,NA,NA,13,"German","target",17,"information","male",26,"German"
"651","G13_T_17_I",6515,0.000100795829280885,0,NA,NA,NA,NA,NA,NA,13,"German","target",17,"information","male",26,"German"
"652","G13_T_17_I",6525,0.000100940281654419,0,NA,NA,NA,NA,NA,NA,13,"German","target",17,"information","male",26,"German"
"653","G13_T_17_I",6535,0.000101196362166901,0,NA,NA,NA,NA,NA,NA,13,"German","target",17,"information","male",26,"German"
"654","G13_T_17_I",6545,0.000101560140828193,0,NA,NA,NA,NA,NA,NA,13,"German","target",17,"information","male",26,"German"
"655","G13_T_17_I",6555,0.000101995688226354,0,NA,NA,NA,NA,NA,NA,13,"German","target",17,"information","male",26,"German"
"656","G13_T_17_I",6565,0.000102447526639555,0,NA,NA,NA,NA,NA,NA,13,"German","target",17,"information","male",26,"German"
"657","G13_T_17_I",6575,0.000102875802232849,0,NA,NA,NA,NA,NA,NA,13,"German","target",17,"information","male",26,"German"
"658","G13_T_17_I",6585,0.000103279509080509,0,NA,NA,NA,NA,NA,NA,13,"German","target",17,"information","male",26,"German"
"659","G13_T_17_I",6595,0.000103643651618533,0,NA,NA,NA,NA,NA,NA,13,"German","target",17,"information","male",26,"German"
"660","G13_T_17_I",6605,0.000103946465689213,0,NA,NA,NA,NA,NA,NA,13,"German","target",17,"information","male",26,"German"
"661","G13_T_17_I",6615,0.000104236273656422,0,NA,NA,NA,NA,NA,NA,13,"German","target",17,"information","male",26,"German"
"662","G13_T_17_I",6625,0.000104692109192643,0,NA,NA,NA,NA,NA,NA,13,"German","target",17,"information","male",26,"German"
"663","G13_T_17_I",6635,0.000105498062171343,0,NA,NA,NA,NA,NA,NA,13,"German","target",17,"information","male",26,"German"
"664","G13_T_17_I",6645,0.000106692035421415,0,NA,NA,NA,NA,NA,NA,13,"German","target",17,"information","male",26,"German"
"665","G13_T_17_I",6655,0.000108322517460449,0,NA,NA,NA,NA,NA,NA,13,"German","target",17,"information","male",26,"German"
"666","G13_T_17_I",6665,0.000110927650318971,0,NA,NA,NA,NA,NA,NA,13,"German","target",17,"information","male",26,"German"
"667","G13_T_17_I",6675,0.000116055608744337,0,NA,NA,NA,NA,NA,NA,13,"German","target",17,"information","male",26,"German"
"668","G13_T_17_I",6685,0.000127660595506417,0,NA,NA,NA,NA,NA,NA,13,"German","target",17,"information","male",26,"German"
"669","G13_T_17_I",6695,0.000181136504168467,0,NA,NA,NA,NA,NA,NA,13,"German","target",17,"information","male",26,"German"
"670","G13_T_17_I",6705,0.000396906932608751,0,NA,NA,NA,NA,NA,NA,13,"German","target",17,"information","male",26,"German"
"671","G13_T_17_I",6715,0.00111698812142772,0,NA,NA,NA,NA,NA,NA,13,"German","target",17,"information","male",26,"German"
"672","G13_T_17_I",6725,0.00288784439578673,0,NA,NA,NA,NA,NA,NA,13,"German","target",17,"information","male",26,"German"
"673","G13_T_17_I",6735,0.00624384176426208,0,NA,NA,NA,NA,NA,NA,13,"German","target",17,"information","male",26,"German"
"674","G13_T_17_I",6745,0.0115917808627251,0,NA,NA,NA,NA,NA,NA,13,"German","target",17,"information","male",26,"German"
"675","G13_T_17_I",6755,0.0191092845793454,0,NA,NA,NA,NA,NA,NA,13,"German","target",17,"information","male",26,"German"
"676","G13_T_17_I",6765,0.0286757901310483,0,NA,NA,NA,NA,NA,NA,13,"German","target",17,"information","male",26,"German"
"677","G13_T_17_I",6775,0.0169689724704915,0,NA,NA,NA,NA,NA,NA,13,"German","target",17,"information","male",26,"German"
"678","G13_T_17_I",6785,0,0,NA,NA,NA,NA,NA,NA,13,"German","target",17,"information","male",26,"German"
"679","G13_T_17_I",6795,0,0,NA,NA,NA,NA,NA,NA,13,"German","target",17,"information","male",26,"German"
"680","G13_T_17_I",6805,0,0,NA,NA,NA,NA,NA,NA,13,"German","target",17,"information","male",26,"German"
"681","G13_T_17_I",6815,0,0,NA,NA,NA,NA,NA,NA,13,"German","target",17,"information","male",26,"German"
"682","G13_T_17_I",6825,0,172.302276611328,NA,NA,NA,NA,NA,NA,13,"German","target",17,"information","male",26,"German"
"683","G13_T_17_I",6835,0,174.629318237305,NA,NA,NA,NA,NA,NA,13,"German","target",17,"information","male",26,"German"
"684","G13_T_17_I",6845,0,174.919204711914,NA,NA,NA,NA,NA,NA,13,"German","target",17,"information","male",26,"German"
"685","G13_T_17_I",6855,0,160.916030883789,NA,NA,NA,NA,NA,NA,13,"German","target",17,"information","male",26,"German"
"686","G13_T_17_I",6865,0,170.947479248047,NA,NA,NA,NA,NA,NA,13,"German","target",17,"information","male",26,"German"
